556.49 52.841
555.53 54.249
555.45 54.17
554.43 54.289
554.86 54.026
553.99 54.309
553.33 54.465
552.85 54.589
551.68 54.015
552.51 54.292
551.3 54.903
552.12 54.304
549.89 55.717
550.98 56.508
549.62 55.988
549.09 55.23
548.86 56.09
548.16 55.639
547.73 56.894
547.38 56.393
547.46 56.393
547.15 56.176
547.21 56.088
545.05 55.845
544.96 56.365
545.99 57.138
544.07 57.468
543.42 56.846
542.95 57.59
542.93 57.022
542.19 57.355
542.41 58.173
542.25 57.586
540.43 57.327
540.83 56.836
540.75 57.858
539.38 58.098
539.36 57.958
538.37 57.512
538.72 57.707
537.98 57.948
537.9 58.465
537.79 58.695
537.52 57.425
535.55 58.549
535.67 58.431
534.55 58.115
535.63 60.059
534.87 59.118
534.84 58.642
533.79 59.878
533.26 59.951
533.32 59.242
532.9 59.721
531.77 59.918
530.62 60.938
530.45 60.815
531.81 60.53
529.59 59.871
529.61 61.274
528.99 60.191
528.56 61.268
528.11 61.571
527.12 61.503
527.89 61.006
527.8 61.675
526.93 61.626
526.38 62.534
526.42 62.061
525.23 60.359
525.47 62.093
524.98 62.021
525.25 61.997
524.23 61.87
523.79 61.742
523.39 61.917
523.47 62.935
522.81 62.217
523.06 62.405
521.19 62.544
522.32 62.921
521.85 61.581
519.86 62.828
519.46 62.501
519.99 62.857
519.28 63.221
518.82 62.605
519.48 62.418
518.28 62.188
517.52 62.872
517.48 63.347
516 63.332
517.34 63.487
515.38 63.985
515.62 62.992
515.31 62.843
514.97 63.903
513.72 63.862
512.76 64.126
512.58 63.676
512.4 63.475
512.48 64.393
511.98 64.313
511.67 64.124
510.26 64.142
509.32 64.587
509.61 64.55
508.64 65.587
509.21 64.593
507.29 65.017
507.3 65.451
506.97 65.222
506.35 64.613
506.48 66.302
505.93 65.271
505.51 65.081
504.61 64.18
503.2 65.716
503.1 65.666
503.31 66.173
502.04 65.534
502 65.259
501.44 64.866
500.8 65.739
500.57 66.588
501.26 65.813
500.8 65.759
500.86 66.526
500.18 64.957
498.59 64.759
498.43 64.754
497.18 64.768
496.9 66.081
498.45 66.162
497.66 65.056
496.35 64.174
495.7 64.466
495.96 65.639
496.51 65.621
496.21 64.624
494.82 66.122
494.18 65.659
493.91 65.916
493.81 64.455
492.88 65.522
492.94 65.146
492.63 65.278
491.65 65.91
490.95 65.321
491.06 66.403
490.75 65.43
489.72 64.875
488.87 65.134
488.15 65.605
487.96 65.677
487.63 65.992
487.34 65.767
486.65 64.984
486.77 66.033
486.09 65.928
485.37 65.143
484.65 65.567
483.82 65.816
484.14 65.578
483.71 65.949
482.63 65.512
481.79 66.351
481.18 66.065
481.29 65.714
480.39 66.779
479.11 66.426
479.4 65.745
479.25 66.07
477.99 66.347
476.67 66.852
476.97 67.112
475.47 67.33
476.01 66.747
475.5 66.571
473.93 66.621
473.74 66.813
473.5 67.928
472.39 66.747
472.04 66.741
470.96 66.674
470.55 67.411
471.63 66.794
470.42 66.761
468.87 67.754
469.19 68.037
468.31 67.047
468.49 67.171
467.05 67.84
466.55 67.809
467.11 68.058
465.9 68.506
466.15 68.246
464.38 68.488
464.94 68.85
463.56 69.14
462.83 68.666
463.02 68.793
462.36 68.537
461.4 68.769
462.77 69.246
460.22 68.664
460.69 67.954
460.44 67.818
459.38 70.277
459.27 69.078
459.42 69.787
458.73 68.837
458.34 69.923
456.42 69.641
456.24 69.431
456.55 69.985
455.15 69.719
455.38 70.539
454.76 70.218
455.01 70.074
453.95 69.911
453.61 69.946
453.84 69.744
452.81 69.678
452.59 69.608
452.63 70.486
451.27 70.174
451.65 70.812
451.48 71.298
451.12 70.406
450.78 71.668
450.98 70.641
449.75 70.446
449.3 70.461
449.15 71.567
447.89 71.069
448.05 71.625
447.43 72.333
447.06 70.717
447.44 71.422
446.81 71.26
446.7 71.267
446.32 71.13
444.75 71.437
445.89 71.806
445.13 71.169
444.25 70.84
443.28 71.678
443.3 71.459
443.43 72.522
443.81 70.872
442.11 71.35
441.82 71.586
441.63 71.097
441.46 71.605
441.69 71.647
440.67 71.565
439.75 71.53
439.39 71.527
439.46 72.097
440.42 71.703
439.09 71.683
437.11 72.309
436.82 70.658
436.38 71.481
435.81 72.266
433.51 71.152
434.15 72.698
432.81 72.114
431.48 71.988
431.1 72.62
430.44 72.67
429.03 71.943
427.91 71.922
427.57 72.024
425.98 72.814
426.39 72.645
424.98 72.747
425.06 72.989
424.11 73.629
422.75 74.106
422.4 73.28
421.27 73.234
420.26 74.079
419.52 73.807
418.55 72.961
417.99 73.336
417.47 73.573
417.38 72.877
416.28 72.894
415.06 73.062
414.64 73.839
413.21 72.859
412.82 73.743
412.18 73.527
411.87 73.143
410.87 73.725
410.63 73.973
409.73 74.706
408.83 74.738
407.27 74.766
406.63 74.349
405.84 73.808
404.96 74.264
403.07 74.509
401.73 74.478
402.2 74.925
400.43 73.979
400.14 73.835
399.1 74.781
398.56 74.869
398.09 73.802
396.07 73.862
394.89 74.219
393.01 74.083
392.57 74.949
392.92 74.343
390.71 74.262
390.29 74.393
388.6 74.793
387.32 74.188
387.33 74.925
386.35 74.225
387.51 74.677
387.43 74.084
386.16 73.981
385.84 74.836
385.66 73.415
384.28 74.521
383.74 74.238
383.67 73.617
382.83 73.647
383.15 73.28
382.97 73.729
381.47 73.484
381.66 72.96
381.69 73.405
380.08 73.006
380.09 73.596
380.09 73.758
379.18 73.197
377.28 72.368
376.01 73.842
375.82 72.448
374.8 72.707
373.42 73.23
371.93 72.006
370.25 71.674
369.99 72.399
368.74 73.202
367.66 71.128
366.43 71.6
365.54 71.995
363.41 73.012
362.45 72.47
361.24 71.619
360.06 71.314
358.46 71.604
357.72 71.494
355.74 71.426
355.84 71.115
354.6 70.958
354.46 70.899
354.11 71.152
353.26 71.7
353.02 70.925
352.84 71.222
351.93 71.745
351.45 71.813
351.12 71.299
351.16 72.36
350.14 70.669
349.64 71.749
349.25 72.047
349.29 71.783
347.59 70.5
348.24 70.672
347.48 71.636
346.85 72.06
346.22 71.177
346.23 71.385
346.26 71.824
345.12 70.875
345.61 71.976
344.88 70.565
344.39 71.749
343.95 70.932
344.14 71.58
343.68 71.202
342.67 70.258
342.83 70.79
342.24 70.579
342.13 69.815
341.35 70.026
341.64 71.063
339.87 70.313
340.23 70.384
339.91 70.436
340.22 70.558
339.34 70.341
338.59 69.506
338.39 69.782
337.13 69.549
337.19 68.898
337.44 69.917
336.48 69.494
336.99 69.636
335.69 69.553
334.17 69.673
334.37 69.45
334.43 69.697
334.19 67.905
332.77 69.09
333.95 68.687
332.37 68.296
332.72 68.903
331.97 68.094
331.51 69.216
329.67 68.561
330.64 68.036
330.06 68.843
329.16 67.308
328.47 68.225
328.9 67.126
327.78 67.306
327.32 67.727
325.97 68.436
325.38 66.849
326.7 67.776
324.98 67.39
324.2 67.898
323.95 67.57
323.66 67.586
322.38 66.171
322.25 67.287
322.89 65.889
320.9 66.152
320.48 66.184
319.75 65.929
319.93 66.387
319.93 66.635
318.32 64.619
319.02 65.158
318.07 65.321
316.98 65.966
315.6 66.583
315.53 65.326
314.22 66.353
314.21 66.564
313.66 66.2
311.93 66.405
311.35 66.736
311.47 66.242
310.86 66.485
309.81 65.968
309.07 66.808
309.13 67.191
308.06 66.41
307.93 67.535
306.45 67.236
305.65 67.755
306.05 67.136
304.4 67.548
304.35 66.062
304.46 66.916
303.71 66.238
302.88 66.868
301.84 65.632
302.17 65.122
301.54 64.868
300.86 64.692
299.76 65.137
298.93 65.685
298.67 65.012
297.37 65.36
298.71 64.007
297.55 65.452
297.3 65.085
296.36 64.554
295.05 64.272
295.39 64.552
294.48 62.885
294.06 63.742
293.34 62.898
292.11 63.197
292.51 63.407
291.99 63.396
290.11 62.506
289.34 63.586
288.25 61.913
287.67 62.339
287.33 62.285
287.7 62.845
286.62 61.443
285.78 61.26
284.3 62.022
285.01 61.8
283.41 61.129
282.99 61.864
283.27 61.469
281.29 60.661
281.58 61.217
280.46 60.819
280.78 60.269
280.73 60.526
280.97 59.96
279.49 60.456
280.06 59.654
279.26 60.689
278.36 60.801
278.98 60.373
278.65 59.904
278.22 60.897
278.79 60.177
278.32 60.839
277.24 60.731
277.11 60.474
276.6 59.385
276.48 59.799
276.32 59.201
275.45 58.965
274.7 59.741
274.15 59.67
274.04 58.765
272.75 59.454
272.02 59.462
271.84 59.562
271.12 59.096
269.34 58.656
269.39 58.439
268.21 59.675
267.31 58.736
266.22 58.82
265.75 59.599
264.97 59.062
265.25 57.935
263.21 57.89
262.85 58.251
261.81 57.38
261.29 58.629
260 58.064
260.99 59.006
259.52 58.196
258.36 57.505
257.75 58.625
257 57.536
256.18 58.46
255.96 58.028
254.5 59.277
255.26 58.492
253.61 59.187
253.31 59.397
253.04 59.378
252.5 58.269
251.04 58.339
250.63 58.728
250.72 58.483
247.84 59.172
249.28 59.462
248.65 59.455
246.46 59.114
246.76 59.526
247.27 59.726
247.16 59.517
246.67 59.466
245.4 59.767
246.54 60.311
245.42 59.949
246.83 59.181
246.6 60.797
245.92 59.696
246.29 60.023
245.27 59.861
245 60.328
245 60.801
244.3 60.64
244.88 61.639
245.22 61.159
244.58 60.811
244.33 61.156
243.84 61.065
244.07 61.039
243.17 60.678
241.96 60.752
240.59 61.298
240.97 61.392
238.79 61.053
239.1 61.791
237.86 61.851
237.52 61.435
236.58 62.194
236.55 61.811
234.09 61.882
234.5 62.214
234.41 61.789
232.63 62.595
232.87 62.511
231.2 61.743
231.29 61.78
230.73 61.801
229.34 62.573
228.76 62.107
228.07 62.929
227.28 63.732
226.54 62.786
225.57 63.649
225.58 63.093
224.53 64.771
223.6 63.577
222.61 64.124
222.89 64.234
221.55 64.778
220.89 64.602
219.29 64.315
220.32 64.986
219.02 64.614
218.73 65.486
218.7 65.187
217.34 64.494
216.06 64.886
216.16 65.865
215 65.857
215.4 65.407
214.26 67.453
213.38 67.125
213.48 66.149
212.26 66.789
212.45 66.503
212.13 67.338
211.04 68.051
210.48 67.61
210.13 67.68
209.73 68.378
208.34 67.925
207.76 69.454
207.85 68.398
207.18 69.011
206.37 68.723
206.08 69.547
205.41 70.205
204.84 69.359
205.46 70.085
204.71 70.11
204.66 70.912
203.91 70.439
203.85 70.374
202.8 71.355
203.65 71.026
202.65 72.434
202.34 71.538
200.91 72.452
200.62 71.732
200.84 72.786
200.03 72.848
199.45 72.75
198.91 73.762
199.19 73.616
197.99 73.345
198.39 73.826
198.4 74.086
198.47 73.342
197.66 74.206
197.76 75.068
196.38 74.542
196.86 75.375
196.2 75.168
195.48 76.346
196.59 75.935
195.97 75.308
194.75 75.949
194.99 76.182
194.18 77.733
194.52 78.136
194.3 78.417
193.4 78.395
193.72 78.84
192.74 77.838
192.37 76.999
192.29 77.977
192.39 79.669
191.37 78.594
191.39 77.903
191.01 79.161
191.75 78.607
191.12 79.82
190.26 79.675
190.45 79.629
190.48 79.694
189.15 80.272
190.05 79.962
189.19 80.605
189.91 79.344
188.64 80.324
188.45 79.887
188.28 80.242
189.22 79.99
188.07 79.669
187.74 79.843
188.46 81.061
187.12 80.915
187.54 79.99
186.11 81.186
185.82 81.558
185.32 81.772
185.71 82.449
184.96 82.819
184.4 82.191
183.15 83.304
183.86 83.285
181.92 83.83
182.05 84.995
181.2 84.351
181.34 84.59
180.37 85.395
180.09 86.939
178.24 85.888
178.38 87.049
177.54 87.441
178.39 87.59
176.59 87.614
177 87.322
175.44 88.145
175.16 88.833
175.48 87.965
175.5 87.084
174.68 88.134
173.53 88.365
173.91 89.211
173.54 88.848
171.6 88.733
172.74 88.575
170.54 88.275
172.17 89.87
171.04 88.477
171.06 89.392
169.76 89.864
170.5 89.289
169.63 88.508
167.93 88.619
168.73 89.386
168.92 89.684
166.92 89.794
167.27 90.122
166.2 90.159
167.01 90.644
165.49 90.289
166.02 91.457
164.06 90.965
165.54 90.409
165.36 91.545
163.97 91.481
162.68 92.277
164.03 91.79
163.52 92.646
162.93 92.877
162.45 92.676
161.25 93.223
161.06 92.813
161.2 93.669
159.71 93.452
159.88 93.409
160.32 93.289
159.32 94.787
159.21 94.731
158.66 94.094
158.64 94.36
157.21 95.345
157.47 95.712
156.23 96.501
156.09 97.43
155.42 97.089
154.26 97.081
154.7 97.651
154.86 97.749
154.47 99.228
153.48 97.76
152.17 98.631
152.57 98.645
152.63 99.089
152.36 99.923
150.75 100.86
151.14 100.2
149.67 100.37
150.24 99.97
149.69 100.73
149.4 101.11
149.25 101.15
148.49 101.48
147.32 102.1
148.08 102.71
147.29 102.59
147.52 102.49
147.15 102.73
145.99 102.89
145.82 102.99
145.71 103.75
145.06 103.11
144.93 103.07
144.68 103.63
143.82 104.33
143.31 105.28
143.02 104.88
143.14 105.53
142.14 105.04
141.64 105.9
140.71 106.77
138.83 107.44
138.44 106.86
137.37 108.07
136.95 108.16
136.14 107.76
135.26 109.45
135.11 109.29
134.41 109.95
133.99 110.46
132.45 109.37
132.59 110.44
131.52 111.46
130.83 111.19
129.43 111.17
128.04 112.04
128.87 112.8
129.69 112.76
128.3 113.14
128.9 112.55
128.55 113.72
128.14 114.4
127.21 114.68
128.14 115.41
127.64 114.4
127.04 114.98
127.34 115.89
126.36 115.67
126.84 115.99
126.39 116.73
126.2 118.46
126.39 118.98
125.92 117.76
126.09 118.26
125.37 119.33
125.51 119.38
126.26 119.84
123.96 120.35
125.89 121.54
123.65 120.82
124.75 121.67
123.67 122.73
122.85 122.59
122.04 122.76
122.59 123.07
122.28 123.48
121.4 124.43
122.35 125.47
120.56 124.98
120.55 126.31
119.92 125.98
119.92 126.18
119.05 127.49
118.94 127.84
117.54 128.45
119.52 128.6
118.8 128.74
117.6 129.03
116.81 129.78
116.76 130.13
116.54 131.21
117.61 130.64
116.1 131.85
116.12 131.43
115.96 132.32
116.06 132.82
114.62 133.97
114.49 134.3
115.03 133.91
113.29 133.66
114.74 134.76
114.16 135.88
113.98 135.48
113 136.3
113.21 137.16
111.76 137.73
111.26 137.8
111 137.67
111.12 138.26
110.81 138.05
110.83 139.38
109.84 138.73
109.78 139.45
109.87 141.01
109.62 139.91
108.81 140.38
109.71 140.6
108.83 141.53
108.01 141.15
108.24 142.05
107.3 142.8
108.39 141.75
106.64 142.77
106.74 143.04
106.67 143.2
106.42 142.97
107.06 144.49
105.15 144.18
105.76 144.01
105.77 144.57
105.87 145.61
105.1 145.59
105.28 146.12
105.58 146.7
105.1 146.79
103.95 146.87
104.12 148.06
104.6 147.86
103.96 147.9
103.82 148.42
103.52 148.1
104.13 149.68
103.31 150.81
103.67 149.9
103.31 150.4
103.77 151.31
102.84 151.62
102.81 151.95
103.34 152.27
102.84 152.87
102.84 153.29
102.4 153.76
102.71 153.57
102.26 154.41
101.98 154.99
101.81 154.14
101.47 155.54
101.29 154.42
101.12 156.42
101.39 156.03
100.34 156.55
100.68 156.42
100.99 156.9
101.12 157.66
100.61 157.88
100.46 159.37
100.69 158.31
99.109 159
98.42 160.25
98.99 160.61
99.635 160.35
98.548 160.92
99.072 161.55
98.555 161.57
99.081 163.76
98.461 164.05
97.45 163.08
98.882 163.55
97.835 164.28
98.906 165.21
98.633 165.05
97.437 165.51
98.248 166.22
97.373 166.51
98.034 167.95
97.321 167.6
97.351 167.99
97.124 167.98
97.304 166.96
97.097 168.72
96.095 168.54
96.864 168.82
97.198 168.48
97.659 169.66
96.085 168.78
96.497 169.76
96.19 169.95
96.131 170.4
96.703 170.52
96.791 170.71
96.367 170.93
95.959 171.35
95.15 170.35
95.296 171.71
95.799 172.21
95.783 172.03
96.127 171.79
95.203 172.9
95.971 173.7
95.238 173.42
96.196 174.01
95.989 173.24
96.255 175.27
95.793 175.15
96.443 175.3
94.909 174.98
95.65 176.55
95.264 176.52
95.674 177.13
95.512 177.29
96.463 178.11
96.756 178.13
96.294 178.04
96.264 178.69
95.404 178.89
96.007 179.84
95.312 179.32
96.471 179.96
95.952 180.12
95.596 179.44
95.505 180.27
95.472 181.06
95.531 181.26
95.124 181.27
95.491 181.19
95.923 182.17
95.209 181.79
95.255 182.59
94.823 182.53
94.512 182.73
94.349 182.64
94.025 183.98
94.376 183.22
93.939 183.51
94.028 183.42
93.955 184.3
94.573 184.49
94.151 185.12
93.979 185.51
94.227 186.25
93.792 185.94
93.641 186.2
93.78 186.91
93.915 188.43
94.3 188.86
93.799 188.52
93.968 190.2
94.217 189.14
93.76 189.8
94.008 189.82
93.53 189.78
92.999 190.51
94.096 191.7
92.4 191.41
92.251 192.32
93.081 192.22
94.012 193.72
92.958 193.37
91.918 193.55
92.134 193.52
91.66 194.35
91.974 194.83
92.37 194.79
91.818 194.58
91.015 195.1
92.101 195.53
92.227 195.53
91.671 196.31
90.731 196.11
91.215 195.61
91.839 195.74
91.4 196.79
91.414 196.86
91.495 196.81
91.416 197.41
92.062 197.09
92.494 197.42
91.501 197.3
91.347 198.96
91.95 198.25
91.149 199.08
90.908 199.92
90.612 200.15
91.586 200.4
90.581 199.59
91.849 200.12
90.503 201.56
91.201 201.56
90.915 201.29
90.872 202.32
91.085 202.15
92.225 202.94
92.364 202.9
90.804 203.41
91.331 202.53
90.873 203.09
91.255 203.95
91.017 203.73
90.572 204.19
91.269 204.62
90.584 204.97
90.486 204.77
90.805 205.15
90.767 205.2
90.917 204.95
90.795 206.79
90.18 205.01
89.794 206.28
89.839 206.81
90.243 206.71
89.388 206.6
90.183 207.07
89.857 207.43
90.721 207.48
89.789 207.12
89.611 208.61
90.378 208.93
89.202 209.2
88.694 209.56
89.843 210.23
88.878 209.6
88.972 210.79
90.401 210.89
89.149 211.78
90.003 211.71
88.776 211.58
88.394 212.09
88.31 211.85
88.058 213.46
88.4 213.73
89.61 213.74
88.186 213.73
89.088 214.99
88.193 215.67
87.647 215.59
87.463 215.16
89.213 215.81
88.959 215.75
88.957 216.33
88.509 217.47
88.813 217.83
87.979 218.43
88.676 219.23
88.491 218.6
87.487 219.37
87.072 219.44
87.696 220.17
88.304 220.44
87.405 222.13
87.137 221.37
86.911 221.95
87.808 222.2
87.163 222.97
86.248 223.53
87.61 223.71
87.127 224.76
86.62 224.25
86.923 225.05
86.886 225.01
86.392 225.42
85.269 225.6
84.879 226.09
86.204 226.73
84.628 226.28
85.974 227.22
84.56 226.95
83.764 227.99
83.585 228.87
83.911 227.95
84.262 229.04
84.449 229.17
83.002 228.75
83.183 230.5
83 230.42
82.022 230.33
82.469 230.44
83.204 230.2
81.732 231.85
82.87 231.05
81.905 232.05
81.455 231.89
82.174 231.65
82.061 231.05
81.423 232.51
81.422 233.06
81.403 233.14
81.032 233.29
82.371 233.17
80.454 233.15
82.345 234.03
81.747 234.33
81.212 234.11
81.545 234.19
80.612 233.91
81.005 235.65
79.988 234.09
81.115 234.07
80.386 235.98
80.5 234.76
80.653 235.38
80.324 235.82
79.878 236.77
79.732 236.66
79.073 236.41
79.783 236.32
79.689 235.62
79.47 236.46
80.596 236.95
80.19 237
80.173 237.46
79.233 237
79.623 237.48
79.67 237.6
79.695 238.08
79.549 238.64
78.994 237.51
80.122 238.87
78.603 238.42
78.279 238.17
79.533 240.1
77.822 239.31
79.452 239.88
79.296 240.62
78.788 240.56
78.859 240.92
78.276 241.19
78.583 241.08
79.42 241.85
77.901 241.81
78.627 242.34
78.523 242.74
78.839 242.2
77.577 243.17
78.152 242.9
78.177 243.03
77.605 244.15
77.765 243.52
76.307 244.43
77.134 244.82
76.553 245.15
77.253 244.46
76.515 245.12
76.037 245.47
76.724 245.71
76.986 245.93
77.28 246.25
75.897 245.35
75.474 247.93
76.134 247.31
75.881 248.01
76.04 246.5
75.429 247.16
74.516 247.78
75.432 248.16
75.197 248.02
74.563 249.66
74.192 249.05
74.936 249.11
74.588 249.3
73.755 248.99
74.515 249.67
74.266 249.57
73.915 249.62
73.827 250.7
73.922 249.7
74.507 251.58
73.505 251.13
73.369 250.82
73.382 251.47
74.109 251.6
73.586 251.16
73.88 252.34
74.434 252.56
73.453 252.18
73.887 252.74
73.304 252.65
73.732 253.11
72.73 254.38
72.992 253.81
73.484 255.1
72.777 255.12
72.443 254.14
73.285 254.77
72.679 254.48
72.522 256.44
72.218 255.72
72.209 257.12
72.89 256.34
71.634 256.27
72.577 256.89
72.386 257.12
71.109 257.87
72.666 258.28
72.254 258.61
71.495 258.42
71.89 259.25
72.78 258.93
71.976 259.4
71.439 260.39
71.632 259.39
71.74 261
71.99 260.62
71.236 261.49
71.104 261.02
71.473 261.57
71.229 260.78
71.088 260.89
71.044 260.92
70.618 261.75
70.009 261.29
70.403 262.46
70.666 262.95
70.263 263.48
70.103 263.07
70.087 262.71
69.553 263.38
70.24 263.73
70.295 263.66
70.945 264.29
69.58 265.43
70.134 265.31
69.783 266.35
69.742 265.31
69.801 265.98
69.594 266.32
69.674 266.65
69.092 266.49
69.872 266.59
69.848 267.97
67.909 267.1
68.76 268.77
69.299 268.61
68.789 269.34
69.254 269.38
67.935 269.4
68.395 270.24
67.802 269.31
68.844 270.19
67.99 270.83
68.629 271.75
68.522 270.45
69.045 271.12
68.936 270.49
68.373 271.63
68.481 271.55
68.736 271.69
69.522 272.84
68.721 273.55
68.885 273.1
69.119 273.22
68.485 274.2
69.616 274.34
67.535 273.86
68.54 274.81
69.501 274.97
68.23 275.38
68.212 277.09
69.058 277.73
69.019 277.3
68.457 278.92
68.718 278.81
67.919 279.6
69.125 279.54
67.584 281
67.445 281.6
67.726 282.35
67.783 281.98
68.031 283.98
67.619 284.78
67.968 285.55
68.229 285.07
66.978 287.32
66.781 287.49
67 287.36
67.886 288.99
68.135 288.37
66.997 289.47
67.097 289.58
66.741 290.67
68.604 290.46
67.928 290.41
67.97 290.86
69.078 292.13
68.652 290.77
68.627 292.17
68.273 291.77
69.279 292.98
69.361 292.79
69.048 292.85
69.499 292.94
69.059 292.97
70.064 293.73
69.827 293.95
69.686 295.25
70.169 294.07
70.467 295.05
70.28 295.46
69.813 295.56
70.744 296.74
70.377 297
70.74 297.09
70.423 297.92
69.935 299.08
71.172 299.44
70.282 299.61
69.718 299.64
70.513 300.18
69.698 301.57
70.481 301.11
70.393 303.52
70.312 301.99
70.089 303.04
69.391 304.53
70.773 305.03
70.594 304.74
70.833 305.76
70.61 305.27
71.203 306.65
70.274 307.07
71.38 307.28
71.513 307.81
70.36 308.73
70.613 309.54
71.792 309.22
72.013 310.08
71.892 310.31
71.868 310.49
73.058 311.12
71.951 310.67
71.796 312.98
72.642 311.88
72.282 311.97
72.586 312.88
72.927 314.15
73.498 314.17
73.437 314.02
73.741 314.47
73.689 314.46
73.342 314.5
73.988 315.48
73.888 315.19
73.79 315.95
73.892 315.45
73.192 316.3
74.095 317.24
74.356 316.84
73.948 316.61
73.362 317.11
73.841 318.26
73.935 317.25
75.123 317.67
74.08 318.47
74.562 317.82
74.801 319.08
74.93 318.07
74.794 318.12
73.606 319.29
73.215 319.41
73.079 319.52
73.27 319.86
72.125 319.75
71.373 319.44
70.879 320.82
70.869 320.07
70.841 321.06
70.79 320.68
69.934 320.51
68.791 320.58
68.87 321.29
68.038 322.08
67.231 320.72
67.353 321.4
66.947 321.39
67.523 321.75
65.041 322.83
65.469 322.19
65.143 322.09
65.357 322.57
64.197 322.71
65.124 323.31
64.876 323.78
64.083 324.06
63.425 323.6
63.393 323.97
63.945 324.59
63.864 325.96
62.768 325.68
63.7 326.07
62.349 325.03
62.627 326.23
61.64 326.93
62.613 326.67
61.654 326.67
62.262 326.56
61.844 327.76
61.39 327.9
60.388 328.24
60.897 328.93
60.022 328.65
60.481 329.47
60.043 329.01
59.423 328.91
58.714 329.66
59.989 330.12
59.474 330.75
58.474 330.97
59.02 331.55
59.01 331.81
57.874 331.47
57.473 332.45
57.622 333.31
57.824 331.91
57.083 333.78
57.653 334.4
56.705 333.61
57.194 333.95
57.28 334.11
57.067 333.96
56.833 335.6
56.336 335.42
56.018 336.41
56.402 336.81
56.347 336.97
56.579 337.3
56.453 337.87
55.145 338.12
55.943 339.66
55.904 339.16
55.206 339.34
56.349 340.59
54.731 340.4
56.282 341.19
55.613 341.25
55.311 342.65
55.897 342.59
54.913 342.43
55.36 342.55
55.177 343.7
54.839 343.91
55.693 345.25
55.002 345.25
54.735 346.15
56.566 347.08
55.288 347.65
55.734 346.17
54.34 347.71
54.165 348.57
55.057 348.5
54.385 349.43
55.755 349.16
55.369 349.7
55.449 349.35
54.904 350.43
56.311 350.47
54.863 351.32
55.121 352.56
54.969 352.95
55.291 352.96
54.68 352.88
54.762 354.01
53.627 354.77
54.123 354.87
53.64 354.44
53.58 355.04
54.176 355.96
53.6 356.74
52.936 357.17
53.899 357.75
53.082 357.5
52.871 358.31
52.314 359.19
52.213 359.43
52.881 359.41
52.605 359.94
53.052 359.99
52.505 360.93
50.926 361.2
52.021 361.76
52.195 362.49
52.473 363.37
52.28 363.72
52.586 364.67
51.357 364.73
52.532 365.15
52.49 366.05
52.44 366.71
52.618 366.56
52.247 367.42
52.521 368.31
51.351 368.23
52.238 368.91
52.728 370.27
52.276 369.53
52.422 369.39
52.065 371.25
52.484 372.22
52.948 371.94
51.921 372.41
51.588 371.49
52.433 373.48
52.539 372.52
51.75 372.55
52.098 373.46
52.648 373.45
52.24 373.59
52.902 373.93
53.146 373.89
52.896 374.97
52.491 373.73
53.124 374.78
52.797 375.75
51.368 374.82
53.012 374.41
52.758 375
51.551 375.55
52.275 375.96
53.195 375.81
51.821 377.46
52.56 376.25
51.136 377.88
52.061 377.07
52.215 377.77
52.384 377.58
52.363 378.46
51.84 379.45
50.798 378.82
51.068 379
52.036 379.08
51.595 380.36
50.921 379.63
51.541 380.97
50.799 380.33
51.461 381.94
52 382.17
50.278 382.71
50.698 382.4
50.37 381.9
51.809 382.6
51.175 382.84
50.445 382.72
50.508 383.02
50.709 383.69
51.004 384.43
50.221 383.18
51.061 383.53
50.787 385.3
50.488 384.04
50.585 385.14
50.251 384.22
51.271 384.9
49.75 385.19
50.35 385.99
51.496 385.24
50.678 387.24
50.408 385.88
51.817 385.85
50.247 387.15
50.126 388.02
51.216 387.82
50.451 388.98
49.359 389.36
50.242 389.57
48.338 389.08
48.969 391.53
49.068 392.09
49.352 391.61
48.32 392.56
49.191 392.05
47.955 393.39
48.693 393.67
47.039 394.23
47.096 394.77
47.178 394.88
47.273 396.87
46.645 396.9
46.096 397.55
46.554 396.85
46.104 398
46.262 398.79
45.83 397.43
46.843 398.72
45.611 398.7
46.581 398.53
46.322 398.49
46.685 399.88
46.236 400.69
46.275 400.82
45.983 399.9
46.605 401.68
47.581 400.55
46.11 401.8
46.772 402.06
46.395 402.27
45.668 402.51
45.281 402.67
45.997 403.01
46.199 402.3
46.007 403.02
47.284 404.3
46.443 403.83
46.062 404.41
46.957 404.65
46.247 404.78
47.061 405.83
46.991 405.16
45.914 405.69
46.919 406.38
46.941 406.77
46.467 406.33
47.428 407.81
48.209 407.56
47.986 407.78
47.23 408.49
47.198 408.34
47.522 409.31
48.835 409.3
47.287 409.17
47.924 408.97
48.325 409.65
48.564 410.58
48.227 410.38
48.347 411.03
48.896 411.12
48.906 411.23
49.124 411.87
49.322 412.42
50.381 412.05
50.403 411.21
49.404 412.1
50.53 411.72
49.806 412.08
50.72 412.63
50.393 412.98
50.154 412.13
49.925 412.46
50.87 413.6
50.176 414.54
50.148 413.88
50.639 413.51
51.285 413.59
51.726 413.97
50.76 414.5
52.145 414.55
52.02 414.17
52.66 415.28
52.611 415.11
51.291 415.24
52.87 416.15
52.833 416.45
52.34 416.05
53.09 415.22
53.512 415.73
53.629 416.6
53.513 416.76
52.5 416.09
53.821 416.1
54.993 417.08
54.489 416.51
55.023 417.23
55.617 416.24
54.674 416.07
56.01 416.51
57.435 416.28
56.933 415.86
58.356 416.28
56.742 415.94
58.075 416.21
58.15 415.89
58.651 415.95
59.64 416.31
58.487 417.05
60.149 416.94
59.834 416.76
60.52 416.22
61.066 416.19
61.424 416.58
62.226 417.56
61.527 417.43
62.383 416
62.161 417.53
63.505 417.21
62.76 417.72
64.607 416.43
64.458 417.35
63.878 416.81
65.104 417.27
64.757 417.01
65.737 416.76
66.098 418.09
66.388 418.48
66.799 417.91
66.893 417.71
67.637 416.48
67.813 417.56
68.903 417.83
69.067 418.04
68.48 417.88
68.638 418.01
68.278 419.34
69.236 419.44
69.167 418.54
68.274 418.68
69.457 419.76
69.113 419.89
68.895 419.63
68.274 420.02
68.318 419.69
67.921 421.76
69.193 421.46
68.806 421.69
69.173 421.78
68.773 422.21
67.826 422.45
68.797 420.84
68.6 422.43
68.645 423
68.526 422.67
68.618 422.97
68.3 423.56
68.474 425.1
68.867 424.71
67.932 424.74
68.607 425.31
68.366 425.76
68.806 426.89
68.612 427.02
67.976 427.33
68.459 428.08
67.282 427.85
67.707 428.88
67.382 429.53
67.53 428.66
67.351 430.03
66.501 430.64
67.031 431.51
66.872 431.72
66.776 432.8
67.475 431.4
67.532 432.29
66.82 433.52
68.161 434.18
66.898 433.38
68.887 434.44
67.795 433.78
67.86 433.28
67.697 434.46
68.025 434.89
67.898 435.3
68.88 435.04
68.973 435.35
67.771 435.55
68.589 437.24
68.749 437.14
68.997 436.46
68.311 437.18
69.033 438.48
68.556 439.12
68.404 438.43
68.706 438.11
68.962 438.95
68.156 439.1
68.337 439.58
69.228 439.37
69.463 439.41
68.458 440.16
68.819 441.12
69.095 440.62
68.537 441.43
69.778 441.23
69.132 441.85
69.076 441.54
68.804 442.84
69.625 443.44
68.273 443.95
69.279 444.24
69.09 443.62
67.879 443.71
68.771 443.42
67.514 442.43
68.47 442.84
68.327 442.57
67.595 442.3
67.54 442.97
68.029 443.1
67.16 442.97
68.044 442.76
66.409 443.67
66.962 442.37
66.387 442.11
66.106 442.31
65.951 442.46
65.405 443.03
67.164 442.3
65.4 441.9
66.419 441.63
66.112 442.83
65.267 443.02
65.505 442.79
64.35 442.54
65.341 442.36
64.136 442.42
65.281 442.03
64.336 442.78
63.396 442.67
63.395 442
63.143 442.81
63.747 442.89
62.588 442.59
62.812 443.75
62.615 442.8
62.475 442.3
62.932 443.68
61.37 442.88
61.808 442.41
60.95 443.31
61.35 443.56
61.278 444.6
61.196 444.55
60.502 444.09
60.885 444.43
60.716 443.99
60.128 445.48
60.446 445.81
59.826 445.96
60.415 445.36
59.273 445.52
59.182 446.79
59.302 446.29
58.511 447.21
58.761 446.11
58.879 445.98
59.164 446.53
58.713 447.37
58.555 447.17
58.488 448.04
57.669 447.82
58.881 448.06
58.385 449.2
57.157 448.53
57.861 449.17
57.3 449.51
58.111 448.59
57.389 448.82
56.986 448.97
56.433 450.31
56.529 449.82
56.624 449.07
56.496 449.57
56.599 449.69
56.85 449.76
55.359 450.48
54.662 449.69
56.279 449.52
55.84 450.04
55.526 450.85
54.66 450.72
55.793 450.77
55.144 451.44
55.405 451.71
55.326 452.89
54.913 452.65
54.163 453.06
54.79 453.74
55.537 454.14
55.547 453.51
55.71 453.63
55.083 455
55.907 455.1
55.722 454.69
54.635 454.57
55.489 455.25
54.437 455.44
54.699 456.53
55.804 456.09
55.019 457.03
55.823 457.61
55.247 457.2
54.865 457.08
55.51 458.14
55.299 458.42
55.97 457.53
55.13 458.57
54.749 459.15
54.925 458.69
55.42 458.84
54.973 459.41
55.106 459.79
55.757 460.39
55.235 459.42
55.553 460.61
55.082 460.38
55.306 461.02
55.398 461.51
55.428 461.54
55.028 461.2
55.659 461.68
55.86 460.98
55.732 461.78
56.109 462.93
54.727 462.34
55.272 463.04
54.689 462.66
54.905 462.86
55.483 462.59
54.691 462.71
55.678 463.55
56.167 463.63
54.61 463.86
55.235 464.86
54.175 465.25
54.603 465.09
55.729 465.41
55.04 465.72
55.833 465.81
55.295 465.67
55.374 465.77
55.386 466.2
55.811 466.07
56.058 465.65
55.762 466.71
55.39 466.12
56.351 467.29
56.169 466.86
55.237 466.29
54.814 466.85
55.811 466.29
55.966 467.07
55.804 466.84
57.003 468.02
56.872 466.5
55.937 466.75
56.179 466.64
56.26 467.42
56.267 467.3
57.486 467.94
56.785 467.21
56.685 467.51
56.494 467.93
57.588 467.39
56.397 467.92
56.486 468.85
56.894 468.35
56.224 469.57
57.309 469.01
56.907 469.05
57.36 470.05
58.285 470.11
58.044 470.97
57.487 470.11
56.633 471.15
57.207 470.25
57.455 470.97
57.488 471.65
57.685 471.54
57.655 471.53
59.383 472.2
57.913 472.58
58.258 472.18
59.538 472.42
58.08 472.81
57.664 472.41
58.421 472.11
59.19 473.11
59.187 473.04
58.54 473.31
59.371 473.46
58.688 472.99
58.788 473.36
59.728 474.14
59.936 474.52
59.198 474.86
59.179 475.5
60.249 473.75
59.732 474.52
59.335 474.68
59.622 475.74
60.49 475.09
58.856 475.51
60.206 476.44
59.998 477.42
59.993 477.86
60.16 476.72
60.436 479
60.536 477.66
60.81 479.09
61.001 480.52
61.452 480.03
61.987 480
61.793 481.28
61.042 481.2
62.226 481.34
62.58 482.2
61.826 483.01
62.358 483.01
62.906 483.43
62.495 484.37
63.112 484.39
62.137 484.85
62.738 485.43
61.714 486.47
61.329 485.92
62.097 487.62
62.487 487.15
60.756 487.6
61.117 488.11
61.59 488.92
61.846 488.28
61.194 489.76
61.149 490.29
60.551 490.79
60.958 489.63
59.92 490.66
59.633 491.5
59.909 492.34
59.78 492.85
59.473 492.22
59.018 492.3
59.403 494.08
59.193 493.44
58.506 493.65
59.168 494.52
58.36 493.4
58.476 493.7
58.078 494.46
58.323 495.32
58.185 495.94
58.74 495.83
58.323 496.37
57.576 495.39
56.757 496.27
57.216 496.22
57.856 496.27
56.856 497.4
56.331 497.21
56.048 498.3
57.443 497.43
56.654 497.88
56.287 498.7
56.775 499.27
56.177 499.5
55.755 499.62
56.388 500.85
56.277 501.19
56.23 501.28
56.213 501.86
56.1 503.41
56.574 503.54
55.776 503.79
55.782 504.59
55.669 504.31
54.536 505.42
56.169 505.78
56.278 505.88
55.588 507.86
55.02 507.64
54.322 507.6
55.521 508.61
54.63 509.65
55.031 509.56
54.872 510.26
55.635 509.3
55.556 510.18
55.483 510.91
55.147 511.4
54.912 511.37
54.966 511.76
56.112 512.33
54.477 512.3
55.47 512.53
55.612 513.23
55.526 512.98
55.301 514.67
55.915 514.44
55.388 515.12
55.939 515.37
54.942 515.05
55.492 516.05
55.174 515.8
56.296 516.39
55.043 517.89
55.707 517.18
55.696 517.79
54.912 518.51
54.579 517.38
55.252 519.81
55.604 519.27
56.058 518.47
55.877 519.92
55.45 520.97
55.501 520.46
54.757 521.05
55.019 520.49
54.527 522.22
54.942 522.54
54.533 522.3
55.505 522.17
55.588 523.05
54.853 524.69
55.552 523.25
54.988 523.93
54.646 524.33
55.348 525.12
55.825 524.5
55.504 525.82
55.866 526.22
54.778 527.6
55.32 526.83
54.766 526.96
55.305 528.95
56.154 527.6
55.891 528.57
55.1 529.38
55.554 529.78
55.99 529.39
54.612 530.95
54.603 531.18
55.637 531.41
56.346 531.25
54.909 531.33
54.594 531.52
55.898 532.11
54.87 531.75
55.569 531.59
55.198 533.43
55.544 532.69
55.516 533.46
54.962 534.25
54.76 534.49
55.076 534.65
54.508 534.44
55.417 534.53
54.341 535.42
55.035 536.48
55.527 535.89
55.364 535.71
54.48 536.37
55.174 536.95
54.462 536.4
55.18 536.84
55.698 537
54.785 537.85
55.028 537.93
55.569 537.69
54.923 537.84
55.121 539.01
55.393 539.46
55.075 538.62
55.233 539.04
55.678 539.86
55.774 540.37
54.491 540.41
55.339 540.07
54.532 540.13
55.018 539.97
55.844 541.89
55.547 541.01
54.889 542.5
56.413 542.76
55.538 542.67
55.542 542.65
55.762 542.37
55.801 544.79
55.166 543.27
55.232 544.3
55.358 546.09
54.772 546.16
55.539 546.68
55.311 545.89
55.394 547.62
56.139 547.2
55.097 547.68
55.082 548.48
55.739 549.21
55.351 548.39
54.327 549.62
55.297 550.01
55.011 549.67
55.165 551.25
54.732 550.8
56.208 552.18
56.973 553.5
56.245 552.17
56.5 552.57
56.571 554.03
56.6 554.72
56.58 554.7
55.706 554.61
57.438 555.62
56.559 555.91
57.354 556.83
57.301 556.32
57.608 557.37
57.533 557.83
57.031 558.37
58.234 558.59
57.486 559.27
58.401 559.62
58.491 559.32
58.221 559.64
58.39 559.37
57.144 560.25
58.269 560.35
57.99 561.84
58.745 561.43
57.664 561.8
58.602 562.32
58.335 561.55
58.419 562.54
58.419 563.84
57.977 562.44
59.059 563.37
58.385 563.59
57.96 563.2
58.346 564.21
58.372 564.64
58.97 565.03
57.636 566.36
58.811 565.71
59.091 567.46
58.337 567.56
59.185 567.75
59.618 567.49
60.07 569.74
59.711 569.52
59.396 569.63
59.702 570.06
60.333 570.82
59.782 571.14
60.342 570.62
60.314 572.54
60.731 573.37
60.193 573.36
60.877 574.68
60.231 575.09
60.854 575.02
60.742 575.92
61.356 575.57
60.351 576.83
61.561 576.8
61.83 577.27
61.776 578.2
61.58 578.5
61.92 578.8
61.957 578.83
62.966 578.83
61.084 580.76
62.237 580.13
61.102 580.1
62.566 581.87
62.359 581.49
61.758 582.37
62.611 582.59
62.76 582.92
62.164 582.81
62.082 584.23
62.541 584.25
62.552 585.28
62.881 585.08
63.223 584.61
64.138 587.22
63.976 587.99
64.528 587.27
64.308 587.74
64.645 588.32
64.753 588.74
65.388 588.33
64.371 589.61
66.052 589.49
66.177 590.43
66.257 591.82
64.911 591.23
66.153 591.78
66.596 592.42
66.949 592.4
66.243 592.8
67.289 593.53
67.129 594.22
68.437 594.06
68.346 595.19
67.814 595.07
67.478 595.01
68.648 595.05
68.604 595.8
68.581 596.3
68.581 597.5
68.4 597.46
68.876 597.6
70.09 597.52
69.593 598.07
69.359 598.98
70.587 599.54
69.944 600.74
70.588 599.91
69.451 600.31
69.276 601.42
70.671 600.86
69.887 600.76
70.086 602.05
69.829 602.42
69.856 601.78
69.653 602.39
71.139 602.12
70.573 602.42
70.548 603.35
70.496 603.97
70.369 603.56
69.997 604.26
69.34 604.72
70.342 604.07
69.054 605.76
70.48 606.13
70.531 605.06
70.447 605.89
69.754 606.6
70.847 606.85
70.567 606.4
70.496 607.75
70.712 607.64
71.079 607.93
70.275 608.27
71.137 608.26
71.302 609.29
71.324 608.19
72.596 609.32
72.58 609.49
72.913 609.87
72.823 610.5
73.362 609.74
72.475 611.01
73.202 611.96
73.136 611.81
74.093 611.42
74.411 611.31
73.281 612.3
74.149 613.07
74.463 613.09
75.044 613.44
75.086 613.29
75.416 613.51
75.339 614.06
76.76 614.09
75.486 615.37
77.018 615.09
76.45 615.33
76.713 615.8
78.063 615.73
76.962 616.29
76.887 616.7
77.69 617.04
77.316 617.11
77.606 617.3
78.712 618.44
78.438 617.9
77.861 618.29
78.999 618.82
79.024 619.34
79.983 619.07
79.998 619.17
80.481 619.43
80.261 620.21
80.986 620.54
81.369 620.41
81.43 619.61
81.487 619.26
81.364 619.72
81.886 620.88
83.412 620.96
82.248 620.7
83.18 621.66
84.315 621.66
84.281 621.05
84.809 621.12
84.101 621.09
84.313 621.31
85.178 621.63
85.096 621.06
86.292 621.68
85.792 621.99
86.443 622.78
86.239 621.96
87.418 622.38
86.875 622.54
87.423 623.65
87.753 623.72
87.782 623.02
87.472 623.47
88.288 623.9
87.623 622.53
89.727 624.12
88.771 624.56
89.893 623.73
91.142 624.82
90.8 625.57
90.825 625.34
91.848 625.08
91.498 624.39
91.944 624.64
92.08 625.95
93.051 625.88
92.603 625.6
92.509 625.44
92.503 626.49
93.133 627.43
93.31 627.32
93.799 628.12
93.37 627.42
94.321 627.98
94.453 628.16
95.194 629.51
95.389 628.98
96.036 628.97
96.744 630.15
96.062 629.94
97.142 630.77
96.22 631.68
96.563 631.51
97.061 631.46
97.65 630.9
98.407 630.94
98.366 631.68
98.669 631.38
98.741 631.59
99.872 631.38
99.98 631.89
100.84 632.09
100.87 632.65
100.21 632.8
100.53 633.57
101.63 633.48
101.24 633.79
101.66 633.36
101.42 633.27
101.69 633.03
103.29 633.73
103.37 634.11
102.63 634.2
102.78 633.91
102.62 633.38
103.71 634.31
103.52 634.3
103.48 634.17
102.98 635.19
103.98 634.94
102.84 635.5
104.93 635.15
103.9 635.83
105.14 634.49
103.88 635.33
105.3 636.04
104.75 636.43
103.55 636.22
104.57 635.56
104.33 636.69
104.63 637.51
104.62 636.61
104.05 637.02
105.84 637.19
104.09 636.65
104.62 637.5
105.01 637.69
105.25 637.51
106.21 637.52
104.87 638.17
104.62 639.15
105.22 639.5
104.97 639.07
106.53 639.45
105.37 639.16
105.64 640.14
105.74 640.41
106.17 641.15
105.98 640.33
105.17 640.26
106.71 641.38
106.07 641.87
105.64 640.94
106.77 642.4
106.07 641.28
106.63 643.36
107.25 643.25
107.44 642.54
106.57 642.87
106.91 644.1
107.42 645.14
106.83 643.52
107.83 644.16
107.88 645.06
107.83 644.88
108.55 645.92
108.61 645.81
107.84 646.25
109.33 645.42
108.42 647.26
108.48 646.31
108.5 647.65
108.84 647.67
109.4 648.6
109.61 647.25
109.04 648.84
109.73 648.28
109.47 649.21
109.77 650.07
109.81 649.94
109.97 649.67
110 650.36
110.05 649.75
109.64 651.23
109.77 650.6
110.26 651.38
110.7 651.34
110.23 653.09
110.76 651.59
110.79 652.45
110.62 653.41
110.69 653.67
111.44 653.02
111.36 653.92
111.12 654.71
110.79 653.69
110.32 654.67
111.42 655.46
111.84 655.51
111.09 655.89
110.96 656.01
111.73 655.53
110.46 657.11
111.97 657.08
111.15 657.02
111.43 657.1
111.96 657.76
111.47 658.9
111.47 658.09
111.54 658.21
112.35 659.23
111.86 658.81
111.62 658.48
112.86 658.5
113.41 659.62
113.28 658.79
114.37 659.25
114.58 658.78
116.08 660.1
115.06 658.03
115.53 658.83
116.11 658.87
117.32 659.62
117.67 658.33
116.98 658.87
118.54 658.24
118.14 658.47
119.02 658.08
118.88 659.09
120.11 657.79
120.13 658.39
120.17 659
120.94 658.68
121.54 657.12
122.17 656.75
123.5 656.37
123.76 656.01
123.83 655.71
125.24 655.78
125.07 654.27
125.8 654.62
126.61 653.94
126.63 653.62
128.07 653.13
128.61 653.53
129.13 653.87
129.5 652.79
130 652.27
130.49 652.47
131.19 651.7
132.39 651.75
132.64 650.56
132.94 650.07
133.67 649.97
134.5 649.33
135.31 650.42
135.7 650.18
135.95 649.57
136.35 650.47
137 649.04
138 650.31
138.49 649.73
139.24 649.12
138.81 648.69
140.15 648.4
140.24 647.88
141.16 648.9
142.98 648.18
143.23 648.15
144.34 648.19
145.04 647.91
144.58 647.36
144.53 647.03
145.68 647.16
146.48 647.4
148.04 645.69
147.33 645.79
147.83 645.8
147.25 644.45
149.3 645.57
149.79 644.77
149.99 643.09
150.74 643.18
151.49 643.49
151.26 642.56
152.06 642.89
153.3 641.98
152.92 641.7
153.31 642.22
153.52 640.86
154.23 640.8
155.82 640.44
155.96 639.06
156.19 639.26
156.87 639.2
157.28 639.35
157.73 639.54
157.4 638.91
158.43 639.35
159.27 638.69
158.71 638.57
159.62 638.18
159.41 638.8
160.41 637.95
161.11 638.49
160.91 638.19
160.72 638.7
160.63 637.92
161.83 638.18
161.62 637.83
162.6 636.3
162.18 637.5
162.79 636.03
163.69 637.65
164.4 636.92
164.62 636.25
165.38 637.23
166.89 635.76
166.77 635.58
167.53 636.66
167.48 636.23
168.83 635.45
168.27 635.52
170.47 635.45
170.73 635.13
170.87 634.74
171.37 635.08
171.84 635.35
172.88 634.45
172.59 634.36
174.11 634.59
174.39 634.66
175.24 633.4
175.99 634.7
176.68 632.93
176.93 634.31
175.77 632.79
177.45 633.56
177.38 632.05
177.66 632.76
177.52 632.76
177.65 632.11
177.77 631.7
178.7 633.03
179.54 631.48
178.09 631.59
180.48 632.05
180.21 632
180.38 631.84
180.33 631.82
180.95 631.33
180.98 631.81
181.58 631.1
181.88 631.01
181.52 630.88
181.95 630.78
183 630.96
183.33 630.88
182.44 630.93
183.95 629.83
183.26 629.77
183.49 629.2
184.29 629.34
185.32 628.7
185.51 629.25
184.55 629.03
184.99 629.61
185.3 628.39
186.48 629.71
187.03 627.76
186.32 628.5
187.46 628.46
188.36 628.09
188.3 627.08
188.27 628.38
188.68 627.76
188.65 627.94
190.11 628.16
190.49 626.82
191.48 628.03
192.01 626.61
191.54 627.31
193.14 625.12
193.05 626.28
194.49 626.56
194.67 626.17
194.37 626.09
195.24 624.52
196.16 625.65
196.31 624.87
196.41 625.65
196.73 625.26
197.64 624.03
198.82 624.85
198.85 623.86
198.96 623.97
199.18 624.57
199.93 624.7
200.46 625.04
200.52 624.18
200.43 624.89
201.91 623.93
201.54 624.58
201.76 623.6
202.44 624.21
202.43 623.97
201.68 624.54
203.31 623.81
203.67 623.97
203.81 623.61
204.58 623.42
203.92 623.41
205.2 622.63
205.37 623.53
206.45 624.54
207.55 623.48
207.9 622.37
208.3 622.63
209.8 622.49
209.26 623.3
211.16 622.85
211.21 623.1
211.46 622.75
212.48 623.38
212.95 621.99
213.39 622.84
213.63 621.91
213.56 623.29
214.13 623.21
216.27 622.59
216.49 622.8
216.51 622.2
217.18 621.8
217.96 621.04
219.29 621.63
218.21 622.59
220.52 622.04
220.76 621.84
221.93 622.48
221.9 621.75
223.45 621.12
224.27 621.96
224.02 620.74
223.97 621.33
224.2 621.65
225.79 620.17
226.82 620.24
226.92 621.43
228.29 621.04
228.54 620.91
228.59 620.78
230.44 620.92
230.23 621.39
230.7 620.6
232.3 619.7
234.33 620.64
234.32 620.37
234.73 620.14
235.44 620.68
236.85 621.84
237.14 621.55
238.4 621.25
239.46 621.28
239.35 621.36
241.41 621.11
242.54 622.04
243.12 621.83
242.68 621.77
243.64 621.32
245.42 621.68
245.32 622.56
246.67 622.52
246.79 622.14
247.73 621.97
249.27 622.29
249.79 622.19
251.87 622.55
251.83 623.18
253.1 622.4
254.57 622.99
254.63 622.86
256.41 624.28
257.2 623.51
258.63 623.81
259.54 623.68
260.11 624.71
261.05 623.04
261.27 624.06
262.8 624.09
263.42 625.5
265.41 624.53
266.34 624.95
266.83 624.7
267.76 624.77
267.54 625.4
268.29 626.75
268.58 625.94
269.37 626.52
269.99 626.21
270.17 625.49
270.55 626.61
271.74 627.18
271.85 626.19
272.52 627.19
273.46 627.89
273.08 627.58
273.66 628.22
274.51 627.86
275.91 628.02
275.55 628.97
276.36 629.38
277.5 628.88
276.89 630.27
277.17 628.73
278.02 629.87
280.06 629.97
279.89 630.85
280.16 630.13
281.63 631.01
281.38 631.14
283.06 631.48
283.11 631.97
283.81 631.37
283.76 632.1
285.45 632.02
286.03 632.61
286.28 632.57
288.63 633.73
288.17 632.21
289 632.2
289.22 634.07
290.98 633.99
290.47 633.36
291.44 634.05
291.45 634.86
291.92 634.97
292.72 633.93
293.36 634.38
293.45 635.1
293.67 635.78
295.15 635.95
295.3 635.26
295.23 636.19
296.81 635.95
297.15 635.7
297.3 635.68
298.72 636.01
298.42 636.63
299.51 636.74
299.58 637.05
300.61 636.45
300.98 637.5
301.46 637.62
301.34 636.46
302.95 637.4
303.2 636.7
303.81 637.65
303.24 637.41
304.13 637.6
303.8 638.39
304.31 639.27
305.03 638.9
305.82 639.75
306.16 639.9
307.36 639.73
307.43 639.03
307.77 639.65
308.42 640.82
309 640.64
309.26 641.39
309.08 641.21
310.13 641.66
309.92 642.03
311.29 641.15
310.16 641
310.66 641.44
311.63 642.4
311.7 641.63
311.43 642.35
312.55 642.13
312.54 642.51
312.77 642.22
313.02 641.8
313.77 641.47
313.93 642.59
313.68 642.36
314.02 642.78
316.02 642.12
315.29 642.24
316.37 642.95
315.47 643.43
315.87 642.13
315.73 643.04
315.45 642.59
316.22 643.19
316.34 643.39
317.19 643.71
317.77 643.4
317.26 642.94
318.09 644.55
318.82 644.99
319.05 644.25
319.03 644.76
318.96 643.71
319.42 644.75
318.88 644.33
320.57 644.73
319.55 644.94
320.1 645.96
320.13 646.19
319.88 646.24
320.44 646.1
320.25 645.43
320.56 645.39
320.48 646.34
321.31 647.79
321.96 647.43
322.54 647.6
322.06 648.86
323.08 647.72
322.83 648.27
322.69 648.38
323.4 648.99
324.24 648.84
324.62 649.74
324.95 649.13
325.33 650.69
325.36 651.08
325.17 650.91
325.2 650.54
326.36 651.39
327.13 651.69
326.78 651.39
327.1 652.3
327.22 651.4
328.27 653.07
329.18 652.33
329.02 652.81
328.7 652.81
329.15 652.63
330.28 652.99
329.31 652.74
331.34 652.36
330.38 652.74
330.63 653.49
331.36 653.7
332.09 652.95
331.82 652.77
332.17 652.39
333.04 653.65
334.12 653.23
333.94 652.64
334.07 653.23
334.3 653
335.15 652.97
336.01 653.48
335.39 653.56
335.7 653.52
335.63 653.83
336.57 653.3
337.66 654.1
336.44 654.48
337.62 654.54
336.62 654.73
337.56 653.78
338.38 655.28
338.51 655.11
338.85 654.8
338.96 654.89
339.66 655.36
339.65 654.94
339.52 655.39
340.57 654.84
341.32 655.7
341.04 654.78
342.13 654.86
342.33 655.05
342.72 655.39
343.45 655.88
343.46 655.63
343.4 656.78
345.23 655.99
343.98 655.94
345.01 656.55
346.22 657.71
346.69 657.14
346.62 656.48
346.96 656.79
347.07 656.88
347.8 657.59
349.09 656.99
348.78 657.85
348.84 657.87
349.36 657.91
350.4 658.86
349.93 658.55
350.57 658.59
351.77 658.21
352.37 659.73
353.03 659.08
351.99 658.75
353.94 659.94
353.55 659.53
353.72 659.34
354.54 660.09
355.81 659.48
356.05 659.61
355.58 660.58
356.13 659.68
357.57 660.56
356.48 660.15
357.96 661.19
358.83 660.92
358.46 660.61
359.42 660.69
359.68 660.53
360.32 661.18
360.25 662.1
361.38 661.92
361.2 662.47
362.51 661.9
361.79 662.5
362.5 663.22
363.02 663.86
363.56 662.24
364.15 663.1
365.13 663.29
364.74 663.07
365.16 663.49
366.41 663.08
366.66 662.79
367.51 664.56
367.12 663.45
367.24 664.96
368.27 663.83
367.27 665.53
367.61 664.36
368.18 664.38
367.87 665.58
367.64 665.68
368.28 666.2
368.13 666.08
369.68 666.03
369.52 666.56
370.23 666.75
369.2 666.74
370.73 667.34
370.27 667.09
370.5 667.87
371.28 668.8
371.25 668.19
371.54 668.49
371.95 667.96
372.29 668.04
373.49 669.6
373.25 669.45
374.23 670
375.08 668.72
375.02 669.45
375.24 668.97
377.27 671.22
376.99 671.18
378.01 671.01
379.48 671.6
377.9 670.67
379.46 670.68
379.73 671.6
380.71 672.51
381.84 672.31
381.89 672.91
381.86 671.65
383.29 671.71
383.03 672.1
385.01 673.12
384.47 672.98
385.55 674.13
385.31 673.76
385.79 673.5
385.82 672.51
386.49 674.13
385.82 673.94
386.44 673.05
387.07 674.38
386.91 674.3
387.54 672.98
388.24 674.51
387.86 674.64
388.2 674.21
388.45 674.06
389.23 673.75
388.74 673.22
389.92 674.87
390.07 674.79
389.36 674.66
390.48 674.73
390.09 675.11
391.63 675.32
390.94 675.56
392.12 675.52
390.88 675.46
391.93 676.1
391.68 675.67
392.41 676.49
392.04 676.95
391.97 675.99
393.3 677.05
392.34 677.84
392.63 677.57
392.84 678.38
394.03 678.43
393.41 678.23
394.27 678.27
394.61 679.45
395.53 679.41
394.8 678.87
395.3 680.29
397.05 678.85
396.79 680.35
396.56 680.62
397.95 679.29
397.59 681.16
398.21 680.79
398.39 681.07
399.29 680.52
400.52 680.53
400.62 681.39
400.65 681.24
400.78 680.97
401.75 681.34
401.86 681.12
402.1 680.84
402.42 681.55
403.32 681.72
404.88 681.19
403.78 682.06
405.3 683.55
405.54 683.41
406.6 682.95
406.77 683.31
407.96 683.81
407.92 683.85
409.47 683.7
409.47 684.12
410.17 683.94
410.9 685.15
411.35 684.46
412.11 685.62
412.81 684.95
412.6 685.61
413.4 685.74
413.48 685.88
415.38 686.69
415.44 686.38
415.14 686.48
416.59 687.3
416.56 687.24
417.72 687.83
418.17 688.31
419.38 688.39
419.18 689.11
420.07 689.38
420.35 689.61
420.05 689.57
422.02 690.69
423.12 690.21
422.36 690.26
422.43 690.84
424.87 690.86
424.67 691.01
426.33 691.25
425.7 692.09
427.11 692.39
427.44 693.01
427.55 692.03
429.56 692.58
429.27 694.4
430.03 694.49
429.47 694.64
429.76 695.53
431.54 695.55
431.47 694.9
432.25 695.53
432.78 696.78
433.14 696.51
433.59 697.29
433.58 697.95
435.25 697.69
434.24 697.87
435.64 698.16
435.36 699.08
436.29 698.44
436.67 699.68
437.06 700.7
438.31 700.28
439.45 700.94
439.9 700.15
440.03 701.43
441.18 702.15
441.57 701.49
442.76 702.47
443.14 702.33
444.3 702.71
444.64 702.91
445.41 703.68
445.66 704.16
446.73 704.04
447.53 704.25
448.88 704.39
447.99 705.6
449.51 705.95
449.56 704.86
450.76 706.28
452.18 706.21
451.49 706.53
451.62 707.48
452.97 707.05
452.6 708.2
453.31 708.5
454.35 708.44
454.6 708.73
454.34 710.07
456.07 710.05
455.44 710.18
456.11 711.12
456.08 711.35
456.71 711.33
457.45 713.01
458.34 713.48
458.96 712.21
458.5 714.62
459.31 714.17
459.96 714.41
459.02 715.25
460.59 715.57
461.51 715.62
462.52 716.16
462.68 715.92
462.82 715.99
463.5 715.91
464.43 716.82
465.03 716.82
466.21 717.46
466.88 717.93
466.24 717.11
466.62 717.09
467.98 717.76
469.4 717.69
469.08 718.01
470.09 718.11
470.18 718.87
471.09 719.67
471.53 719.27
471.87 720.12
472.8 719.92
472.93 720.27
472.79 719.39
472.46 720.09
472.85 721.1
473.43 721.76
474.52 721.49
474.5 721.98
474.3 722.68
475.04 721.91
475.18 723.92
476 723.54
475.67 723.1
476.06 723.04
476.09 723.97
477.48 724.58
477.12 724.44
478.4 725.45
477.88 724.99
478.72 725.13
478.18 725.48
478.54 725.85
478.09 725.32
477.01 726.31
477.89 725.38
477.33 725.54
477.27 726.52
476.82 726.03
477.45 727.26
476.83 726.45
476.82 726.04
475.79 726.2
476.65 726.44
475.76 726.56
475.71 726.75
475.6 727.36
476.73 727.18
475.76 726.88
475.1 726.37
474.63 727.03
475.62 726.68
475.69 727.33
476.82 728.2
476.92 727.48
477.57 728.18
477.24 727.68
479.27 728.23
479.77 727.59
479.24 727.23
479.95 728.47
480.76 728.69
481.22 729.24
480.71 728.7
482.44 729.18
482.18 728.98
482.92 729.52
482.92 729.18
483.74 730.3
484.84 729.16
484.01 730.89
485.23 730.56
484.45 731.29
486.24 730.47
485.72 730.31
487.2 731.32
487.39 731.16
488.83 731.45
489.79 732.06
489.6 731.82
490.96 732.41
489.62 732.47
490.94 732.01
492.66 732.3
492.2 732.44
492.33 733.21
493.57 734.2
494.8 733.63
495.86 734.02
496.58 734.7
495.92 734.01
496.2 734.31
497.48 734.19
499.18 734.3
500.28 734.59
499.93 733.01
500.39 733.82
502.49 734.57
502.68 733.62
503.11 733.39
503.43 733.07
504.85 733.6
504.41 734.16
506.33 733.78
507.08 733.63
507.98 733.14
508.66 733.65
508.98 733.03
510.86 733.48
509.87 733.18
512.01 733.14
511.58 732.74
512.38 733.89
512.93 733.24
514.25 733.32
513.47 733.46
514.45 733.54
515.65 734.66
515.83 734.24
516.07 734.63
516.74 734.73
516.55 734.53
517.34 734.59
518.84 735.42
519.08 734.91
519.17 735.05
519.33 735.94
521.02 735.35
520.3 735.35
520.68 736.49
521.67 736.81
522.66 734.94
523.49 735.55
524.71 734.88
526.18 735.14
526.77 734.66
527.52 734.84
528.2 734.19
528.96 733.58
530.13 732.11
531.46 733.11
532.42 733.12
533.84 733.36
534.46 732.01
535.98 731.85
535.43 730.56
537.06 730.82
538.57 730.94
539.3 730.33
539.96 729.52
541.17 729.9
541.23 730.19
541.62 730.32
542.55 729.43
543.53 729.24
544.61 729.19
545.43 727.62
546.92 727.38
546.04 727.45
548.51 726.88
547.77 727.67
548.41 726.51
549.86 726.39
550.52 726.08
550.39 726.17
550.84 725.3
552.42 725.02
553.24 725.33
552.81 724.82
553.84 724.41
554.76 723.62
555.93 723.46
555.86 724.65
555.31 723.03
556.32 722.58
556.6 722.71
556.13 722.35
557.79 723
558.6 721.25
558.39 721.54
559.28 721.64
558.76 721.23
558.98 720.59
560.08 721.49
559.67 719.88
559.92 720.84
560.67 719.46
561.19 719.5
561.64 719.02
561.26 719.44
563 718.49
562.92 718.7
563.16 718.07
563.12 717.9
562.62 716.91
563.61 717.46
564.02 716.36
564.24 715.26
563.86 713.92
563.33 714.56
564.48 713.51
564.6 712.89
564.81 712.37
565.05 712.31
565.69 711.83
566.05 710.21
566.08 709.76
566.18 710.22
566.48 709.33
566.47 708.12
566.94 708.11
566.78 707.24
566.33 706
568.41 705.82
567.75 705.29
568.9 705.14
568.54 704.78
568.71 705.37
568.57 704.21
568.57 703.41
570.38 702.94
570.54 702.54
570.93 702.35
571.26 701.39
570.76 702.24
570.93 700.18
571.79 699.84
571.66 699.31
571.95 699.85
572.52 699.36
573.21 698.35
573.17 698.15
573.1 697.72
572.97 697
572.61 696.73
573.58 695.62
573.13 694.28
574.64 694.36
574.24 693.12
575.47 692.14
575.23 691.61
574.59 690.7
575.46 691.06
576.41 689.82
575.91 688.68
575.05 688.15
577.22 687.14
576.47 686.48
577.51 686.26
577.59 685.71
577.49 685.65
577.45 684.44
578.32 683.07
579.75 682.88
580.14 682.56
580.84 680.37
580.63 679.76
581.55 679.34
581.09 678.65
582.78 676.51
582.92 676.95
584.58 676.33
583.65 675.12
586.25 674.61
584.79 673.02
586.03 672.55
587.44 672.51
587.15 670.92
587.58 670.31
589.11 670.08
589.14 668.92
590.67 667.86
589.16 668.36
590 666.6
589.29 665.62
588.98 666.13
590.03 664.38
589.46 665.17
589.84 664.26
590.79 663.84
590.34 663.85
591.35 662.42
591.39 661.5
591.15 660.99
591.23 661.71
591.55 661.16
592.08 659.33
591.97 660.54
591.62 659.82
592.41 658.29
592.85 657.9
592.56 657.26
592.72 656.97
593.7 655.77
594.76 656.14
594.66 655.25
594.9 655.34
595.83 655.53
596.39 653.97
595.95 653.12
596.72 652.72
597.24 652.3
597.61 650.91
597.59 651
597.84 650.2
598.69 649.84
599.72 649.14
600.11 648.24
601.25 649.04
601.7 647.8
601.5 647.35
601.17 647.05
602.55 645.92
601.52 646.35
601.75 646.05
603.08 644.05
602.65 643.85
601.79 644.3
602.14 642.96
602.93 642.23
602.27 642.33
603 641.49
604.13 641.43
603.01 640.8
602.92 640.69
604.37 639.35
604.42 639.23
603.35 638.73
604.94 637.84
603.65 637.36
603.72 637.62
605.1 637.01
605.01 635.94
605.09 634.77
605.76 634.83
605.58 634.32
605.15 633.98
606.17 633.46
606.18 634.03
606.4 632.51
605.59 632.38
606.62 631.36
607.03 630.8
606.56 630.71
607.56 630.68
607.14 630.23
607.67 630.34
608.78 628.1
608.51 628.82
608.51 628.8
608.3 627.9
609.05 627.06
608.35 627
609.2 626.93
609.38 627.17
609.11 625.98
608.82 624.97
610.27 624.04
610.33 624.12
610.03 623.54
609.81 623.67
610.1 622.16
610.39 623.09
609.85 622.91
609.17 621.61
609.79 620.31
610.07 620.57
609.47 620.87
610.19 620.15
610.42 619.77
609.94 619.36
609.61 619.18
611.05 618.17
612.12 616.86
610.65 617.66
610.34 616.38
613 616.52
611.27 615.62
611.56 615.47
612.23 615.42
613.34 614.59
613.68 614.2
613.19 614.66
612.37 612.26
613.78 612.1
614.19 611.7
613.92 611.95
613.71 612.06
613.85 611.3
614 610.09
615.98 609.14
614.26 610.74
616.09 609.36
615.8 608.84
616.72 607.8
616.42 609.28
617.34 608.62
617.82 608.44
618.19 606.74
618.07 607.08
618.83 606.19
618.99 605.55
619.8 606.19
619.48 606.49
619.29 606.57
619.98 605.1
620.73 605.42
621.82 605.13
622.45 604.65
621.54 604.69
622.26 604.85
621.68 603.77
622.45 602.64
623.03 602.91
621.24 603.3
622.58 602.71
622 602.03
622.27 601.45
621.21 601.22
623.29 601.69
622.67 600.75
621.76 600.98
623.09 601.28
622.05 599.43
622.45 599.71
621.81 600.44
621.95 598.76
622.71 598.75
622.86 598.18
622.05 599.31
622.97 598.56
622.73 598.46
622.49 597.06
623.01 596.81
623.2 596.26
622.84 594.92
621.72 595.47
622.7 594.8
623.16 594.76
622.18 594.07
623.49 594.43
622.01 592.34
623.34 593.5
623.28 592.18
623.42 591.35
623.21 591.49
623.03 590.67
623.27 590.19
623.12 590.33
623.54 589.76
624.16 588.98
624.01 588.83
623.76 587.94
624 586.76
623.94 587.04
624.96 587.42
624.38 586.46
624.18 586
624.27 586.11
623.85 585.26
625.15 584.12
623.93 584.02
624.88 583.73
624.72 583.68
625.42 583.19
625 583.16
625.53 581.06
625.42 581.51
625.33 580.91
624.69 580.15
624.89 580.01
625.43 580.5
624.88 578.32
626.11 577.6
625.95 578.08
626.66 576.39
626.25 576.8
627.03 575.73
626.44 575.63
626.34 575.27
626.36 574.65
627.93 572.98
626.34 572.01
626.52 571.46
628.44 571.9
627.06 571.26
628.16 570.35
628.01 570.9
627.54 569.92
627.34 568.71
628.13 567.92
628.05 567.18
627.98 567
628.2 566.32
628.31 566.07
628.24 564.96
627.46 563.55
627.96 563.1
628.05 562.77
629.23 561.86
627.89 561.33
629.28 560.33
627.5 559.78
627.74 560.14
627.62 558.26
628.64 557.08
628.52 557.64
627.68 556.85
627.99 554.92
628.19 554.8
628.74 554.39
628.65 553.5
627.61 552.41
629.66 551.42
627.79 549.56
628.45 549.07
628.67 548.56
628.93 548.63
627.37 547.49
628.1 546.95
627.7 545.76
628.59 544.38
628.21 544.4
628.13 543.54
627.68 541.39
627.59 540.79
628.2 540.64
627.79 538.56
628.97 537.5
627.84 537.37
628.85 536.59
629.02 536.23
628.8 535.73
627.87 535.45
628.35 534.08
628.45 533.03
628.44 533.19
628.75 532.84
628.51 533.1
628.06 531.01
629.07 530.83
628.85 530.98
628.6 530.18
629.13 530.11
629.59 529.24
629.49 528.63
630.15 528.15
629.79 527.67
629.96 527.26
628.9 526.84
629.56 526.58
629.37 525.25
630.07 524.19
629.87 523.84
629.56 523.51
629.1 522.95
629.37 522.48
630.81 520.59
630.73 519.95
630 520.54
630.53 518.93
630.83 518.54
630.24 518.15
631.22 517.22
631.37 515.83
631.81 515.43
630.71 515.53
631.52 515.08
630.41 513.56
630.22 512.43
631.23 512.77
631.86 511.5
632.39 510.85
631.55 510.88
630.79 509.3
631.87 509.15
632.18 508.78
632.1 506.89
632.64 505.97
633.18 506.19
632.92 505.74
632.83 503.81
632.8 503.33
632.22 502.37
634.21 501.63
633.57 501.86
633.79 500.48
634.53 500.4
633.8 499.27
633.37 498.11
633.8 497.55
634.91 496.67
634.61 495.71
633.17 496.2
633.8 495.35
634.52 495.78
633.25 494.78
633.74 494.73
633.55 493.12
633.36 492.83
633.38 493.09
632.87 492.07
632.02 492.58
632.32 491.51
633.01 490.55
632.51 490.99
631.84 490.29
633.04 490.42
632.56 489.07
632.34 489.94
632.69 488.24
632.55 488.62
632.55 487.47
632.73 487
632.5 487.88
633 486.52
632.57 486.62
632.67 485.61
632.47 485.14
633.47 484.87
631.9 484.12
633.18 484.15
633.48 482.9
632.49 484.25
632.78 483.6
633.68 482.49
633.06 482.29
632.61 482.43
632.74 481.07
632.08 480.8
632.74 480.86
632.92 480.72
632.05 479.54
631.83 479.47
632.36 479.09
631.63 479.63
632.59 478.24
632.35 478.03
631.95 477.34
632.02 477.55
631.68 476.79
632.26 476.12
631.38 475.01
631.3 474.53
631.44 474.64
631.83 475.09
631.19 474.2
631.33 474.03
630.92 473.66
631.98 471.51
631.3 472.38
630.44 471
630.07 471.83
629.24 471.7
629.87 471.45
628.87 472.69
627.66 471.03
628.41 471.46
628.42 471.31
628.3 471.23
628.15 470.68
627.64 471.03
627.18 471.21
626.76 471.43
626.17 470.78
624.83 470.39
626.38 471.14
624.68 471.23
624.13 470.56
625.18 471.07
624.24 469.9
622.75 470.71
622.46 470.25
621.28 470.55
620.61 470.31
621.11 469.76
619.96 469.78
619.55 470.42
618.91 469.73
617.18 470.69
617.74 469.43
616.21 469.67
615.29 469.14
615.29 470.04
614.15 469.73
613.78 470.09
612.28 469.31
612.91 469.25
611.81 469.22
610.41 469.23
609.79 468.89
610.48 469.06
608.86 468.17
607.81 468.79
606.49 467.84
606.35 469.1
605.21 467.26
604.75 467.88
603.51 467.27
602.84 466.93
602 467.8
600.97 466.91
600.33 466.95
598.8 466.99
599.36 467.02
597.6 466.92
597.25 466.79
595.15 465.58
595.22 466.01
595.37 465.85
593.87 465.94
592.65 466
593.14 466.09
590.71 466.43
591.44 466.11
590.3 465.44
589.88 466.14
589.12 466.1
588.84 465.71
587.16 465.32
586.91 466.04
585.49 466.67
585.56 465.84
584.63 465.89
583.69 465.45
584.39 465.98
583.64 466.29
582.72 465.29
581.64 466.25
581.3 466.52
580.33 465.65
580.27 465.81
579.7 465.56
579.15 465.16
578.69 465.9
577.86 465.52
576.24 466.71
576.22 465.58
576.37 465.89
574.58 466.57
573.99 466
572.84 466.33
573.69 465.99
572.73 465.18
572.16 466.26
570.32 466.09
570.99 466.66
569.88 466.02
570.68 466.46
568.78 465.91
568.52 466.35
567.35 464.93
568.71 466.57
567.45 467.51
567.61 467.23
566.79 466
567.88 467.87
566.75 467.03
565.53 467.68
565.27 467.08
564.73 467.37
564.92 467.48
565.38 467.52
564.1 468.3
565.47 468.93
564.39 467.89
563.84 468.13
563.59 469.1
563.04 468.63
562.35 468.3
562.88 468.79
561.82 469.16
560.75 469.43
560.68 469.73
560.29 469.42
560.11 471.38
560.28 471.24
559.13 471.63
558.96 471.8
558.03 471.3
558.34 471.96
558.12 472.21
556.76 472.34
556.25 472.99
556.13 473.07
555.23 474.01
555.05 474.13
554.15 474.17
554.55 474.92
553.51 475.01
552.55 474.4
553.01 475.12
552.46 475.83
551.93 475.1
551.78 476.11
550.55 475.31
551.67 475.78
550.94 475.5
550.89 475.57
549.7 476.18
550.23 476.38
549.75 477.14
548.19 476.61
548.41 477.77
547.92 477.48
548.86 477.2
546.75 476.3
546.46 477.6
546.49 477.37
545.22 477.91
545.6 478.29
545.82 478.94
546.28 478.11
545.49 478.84
544.6 478.42
545.29 478.42
544.73 478.64
544.47 478.39
543.45 479.5
544.68 479.23
542.77 479.41
542.25 479.28
544.11 480.28
542.53 479.61
542.1 479.34
541.57 480.87
541.36 480.91
541.65 481.22
542.16 481.17
541.25 480.25
542.02 481.45
541.03 480.24
540.83 481.05
539.11 481.32
540.21 480.77
539.61 481.43
538.42 480.92
538.71 481.17
537.42 481.39
538.35 481.16
537.53 482.02
537.51 481.99
536.6 482.45
535.67 482.1
536.06 481.58
536 482.34
535.48 482.75
535.24 482.17
533.88 483.05
534.48 482.41
534.55 482.71
533.18 482.56
533.14 483.19
531.99 482.69
531.42 483.62
531.2 483.99
531.21 483.52
530.1 483.42
530.42 485.09
531 484.84
528.88 483.99
530.48 485.93
528.91 484.6
528.62 485.15
529.05 485.47
527.75 486.1
527.61 487.02
526.97 486.22
526.52 486.05
526.72 486.92
526.61 486.44
525.98 487.2
525.45 487.56
524.82 487.29
524.04 488.4
523.95 488.42
523.2 488.69
522.9 488.26
522.24 489.17
522.24 489.5
521.56 489.68
521.4 489.72
520.45 489.14
519.72 491.26
520.44 490.67
518.17 490.34
518.85 490.37
518.32 490.65
517.59 490.76
518.23 490.91
517.73 492.05
517.03 492.48
516.34 492.44
515.44 492.2
515.6 492.38
514.51 491.94
513.66 493.12
512.61 494.06
512.15 493.43
511.36 494.26
511.56 493.71
510.66 493.64
510.21 494.56
510.15 494.09
508.48 494.33
509.14 494.89
507.89 495.09
507.79 495.46
506.32 495.35
505.54 496.17
504.24 496.17
505.55 496.23
504.86 496.54
504.24 497.03
505.06 496.9
503.56 497.26
503.66 497.57
502.68 497.72
503.18 498.69
503.06 498.57
502.45 499.51
501.87 499.44
502 500.34
501.75 499.21
501.14 499.33
501.45 500.82
500.87 501.34
499.78 500.76
500.08 501.04
500.79 501.88
499.82 501.87
498.56 502.04
498.45 503.06
497.44 502.48
498.51 502.36
497.56 502.45
497.5 503.25
496.6 503.27
496.89 502.95
495.87 502.44
496.79 503.61
495.51 503.61
495.67 504.87
494.9 503.95
494.08 503.23
494.77 504.14
493.75 503.96
495.49 503.64
493.92 504.71
492.59 505.65
493.39 504.93
493.76 505.22
492.66 504.96
492.55 505.13
492.64 506.93
491.08 505.2
491.82 507.03
492.39 507.05
491.98 505.89
491.68 506.72
490.95 506.68
490.41 507.23
490.32 507.93
489.87 508.4
490.06 507.65
489.61 507.89
489.63 508.63
489.18 509.48
489.28 508.68
489.22 509.49
489.2 508.63
489.48 509.66
489.77 510.53
489.76 510.58
489.15 511.01
489.88 511.71
489.14 511.19
489.36 511.19
488.59 512.62
488.74 513.03
489.82 512.9
489.41 513.81
488.72 513.6
489.07 514.83
489.48 514.81
490.87 515.19
489.58 515.79
489.43 515.7
489.3 515.46
489.88 517.3
490.93 517.85
489.8 516.71
490.59 517.34
490.39 518.91
491.09 517.65
492.93 518.31
492.39 518.3
493.22 519.68
492.36 519.33
492.79 519.64
494.73 519.7
494.11 520.24
495.5 521.03
494.45 520.26
495.93 521.45
496.17 520.72
496.5 521.08
496.27 521.7
497.46 522.52
497.23 522.52
497.28 522.06
497.35 523.24
497.02 524.07
497.8 523.67
498.24 525.28
498.76 524.98
498.32 526.18
499.06 525.7
498.84 526.86
498.25 526.29
499.44 526.9
499.11 528.76
500.14 528.69
499.79 529.56
500.61 530.52
498.98 530.14
500.67 530.56
499.44 529.72
501.16 531.13
499.82 531.62
501.24 532.01
500.67 532.53
500.47 532.17
500.9 533.99
501.34 533.4
501.77 534.24
501.75 533.75
501.93 535.06
500.7 535.8
501.38 536.22
501.61 537.22
501.9 537.2
501.66 537.46
501.53 537.89
501.37 538.4
501.59 539.26
502.2 538.77
501.16 539.87
502.11 539.33
502.3 540.13
502.25 540.58
503.17 541.96
503.6 543.15
503.32 542.45
503.44 543.84
503.27 544.5
505.6 545.03
505.16 545.07
506.77 546.37
507.09 546.86
507.12 546.99
508.14 547.79
507.49 547.8
508.07 548.58
508.81 548.92
509.04 549.6
509.57 550.6
510.72 550.65
509.82 551.97
510.96 553.63
510.73 553.47
511.36 553.1
511.22 553.39
511.8 553.97
511.38 555.59
510.96 554.23
512.11 554.79
512.72 555.3
512.45 556.42
512.76 556.64
512.76 556.38
513.85 556.8
512.64 557.32
512.95 558.11
514.41 558.15
513.25 557.77
513.79 558.68
513.93 559
513.94 560.22
514.33 559.78
514.74 560.21
514.59 562.13
515.07 561.62
515.15 562.24
515.84 562.44
514.97 563.28
514.85 563.47
515.44 564.62
516.35 565.16
516.72 565.18
517.6 565.85
516.83 566.27
517.48 567
517.87 568.03
517.02 567.34
517.5 568.13
517.9 568.32
518.46 568.87
518.03 570.5
519.28 571.12
517.48 571.51
518.87 571.7
520.16 571.2
519.39 572.56
519.76 572.64
520.86 573.87
519.51 573.91
519.3 574.78
520.48 575.16
519.91 574.92
521.92 575.21
522.03 575.73
521.86 576.14
520.96 576.17
521.94 576.97
521.69 579.17
522.12 579.23
522.35 579.02
523.42 578.46
523.16 580.34
522.4 580.29
522.69 580.9
523.75 580.52
524.46 580.85
523.86 583.22
525.04 584.06
524.76 584.45
525.87 585.44
525.23 585.72
525.57 586.97
526.75 586.57
527 587.79
526.51 589.49
527.33 589.75
527.82 589.81
527.5 590.56
528.38 592.19
528.32 592.52
528.48 593.03
528.92 595
529.14 595.34
529.81 595.58
529.05 595.51
529.55 596.6
530.59 595.7
530.93 597.29
530.53 596.57
530.32 598.23
530.68 597.09
531.54 598.2
531.34 598.03
531.25 597.79
532.04 598.55
532.4 598.6
533.3 599.16
532.44 600.32
532.47 601.06
533.55 599.66
533.56 601.13
534.07 600.22
533.24 601.12
533.77 601.03
533.41 601.87
534.71 601.08
534.02 602.32
534.5 602.32
535.41 601.96
534.99 602.8
535.71 602.91
535.93 602.9
534.86 603.84
535.8 604.77
535.61 604.71
535.1 605.14
535.46 605.55
535.65 605.23
536.09 605.47
536.34 606.59
536.83 606.01
536.33 607.49
536.79 606.81
536.05 607.17
537.36 607.68
536.18 608.23
537.98 608.82
538 608.2
537.69 608.6
537.54 609.77
537.67 609.89
537.88 610.34
538.54 610.62
537.87 610.12
538.71 610.22
539.16 611.4
538.94 611.34
539.96 611.73
538.95 611.7
539.35 612.04
540.61 612.91
539.44 613.02
540.04 612.71
540.61 612.14
540.5 613.47
540.52 613.45
541.08 613.59
541.26 614.09
541.24 613.95
541.54 614.49
540.95 614.5
541.15 613.79
542.61 614.19
542.7 614.63
541.73 614.98
543.04 615.79
542.16 615.14
542.23 615.61
542.98 615.58
543.51 614.96
544.05 615.96
544.14 615.87
544.16 616.46
545.04 616.18
544.76 617.4
543.73 617.27
544.65 618.09
546.1 617.58
545.39 618.8
545.12 618.12
544.7 618.42
545.85 619.17
546.24 620.04
546.54 620.1
546.31 619.85
545.37 621.21
547.7 620.26
547.19 621.74
546.22 621.82
547.56 621.91
547.09 622.7
546.54 623.27
547.47 623.86
547.46 623.68
547.58 624.04
548.62 624.7
548.99 626.1
547.41 626.38
547.76 625.57
548.38 626.13
548.04 626.76
549.07 626.2
548.8 628.52
548.79 628.19
549.04 627.25
549.29 627.99
549.55 628.21
549.62 629.34
550.04 629.8
549.5 629.04
550.9 630.46
550.82 631.1
549.97 630.62
551.04 630.07
549.8 630.85
550.58 630.68
550.65 631.21
550.35 630.79
550.57 631.38
549.44 631.08
551.14 630.43
549.98 631.48
549.72 631.08
549.92 630.21
550.2 631.66
550.72 630.9
550.33 631.11
550.77 631.09
550.71 630.72
550.14 630.79
550.27 632.03
550.83 631.55
549.88 630.66
549.92 631.05
550.18 630.59
550.84 631.13
551.07 631.01
549.93 631.22
551.38 630.29
551.01 630.35
551.49 630.04
552.03 630.2
550.79 630.63
552.7 629.47
552.43 630.24
552.26 629.39
551.96 630.61
552.31 630.49
552.79 629.17
553.38 629.94
553.37 629.69
553.12 629.36
553.01 629.15
553.24 628.95
552.44 627.89
551.81 628.11
551.81 626.77
551.67 627.23
551.37 626.78
550.88 626.31
551.57 625.02
550.93 624.14
550.28 623.69
550.1 624.16
549.83 622.39
548.96 621.98
549.71 621.28
548.97 621.28
548.4 621.46
547.52 620.4
547.39 621.02
547.04 619.75
547.05 618.84
547.41 618.3
547.3 618.54
546.73 617.66
546.15 617.26
545.81 615.16
545.96 615.53
545.93 614.15
546.64 613.81
545.8 613.06
545.26 611.45
545.34 611.39
543.6 610.16
544.42 609.76
544.63 609.93
544.28 608.01
544.57 608.59
542.93 608.06
543.56 606.79
543.18 605.98
542.58 605.7
542.12 605.11
540.95 604.19
541.39 602.96
541.19 602.85
540.39 602.42
539.33 601.49
538.99 600.51
539.33 599.18
538.35 598.92
538.63 598.75
536.46 597.04
536.88 597.18
536.12 596.98
534.75 596.72
534.81 595.09
534.49 594.5
533.51 593.18
534.15 593.37
532.31 592.21
531.89 592.18
533.02 590.63
531.07 591.15
530.7 590.19
530.65 589.12
530.17 587.48
529.05 587.2
527.88 587.24
528.57 585.95
527.95 585.24
527.34 584.01
527.3 583.55
525.75 582.71
525.87 582.63
525.82 581.51
526.06 581.28
525.43 579.95
524.57 579.09
524.07 577.93
523.57 577.28
523.29 576.48
523.05 577.36
522.96 575.57
522.07 575.67
521.63 573.79
522.25 572.55
522.44 572.72
521.07 571.11
521.84 570.96
520.54 569.23
520.3 568.82
519.61 567.25
520.68 566.84
520.35 566.02
520.04 565.87
519.26 564.49
519.76 563.92
519.55 563.64
519.02 562.73
519.18 561.11
519.2 560.12
518.87 559.97
517.89 559.83
516.73 558.67
516.86 557.31
515.77 556.49
516.09 556.32
514.98 555.81
514.29 555.72
514.9 554.31
514.58 553.45
512.62 553.24
512.12 553.27
511.77 552.12
511.73 551.56
510.68 549.99
511.15 550.17
509.77 548.97
509.34 547.96
508.27 547.69
507.82 547.08
507.95 545.86
507.28 545.57
506.22 545.36
506.74 544.01
505.68 543.23
505.72 542.76
504.97 541.83
504.11 541.15
504.28 540.59
502.9 540.51
501.44 539.19
502.05 536.96
500.41 537.2
501.62 536.42
500.15 535.16
500.22 534.83
499.39 534.11
499.35 532.76
497.7 533.21
498.07 531.89
498.46 531.02
496.93 531.12
497.16 531.17
496.74 529.76
497.17 530.07
496.53 530.02
496.64 528.57
496.46 527.77
495.51 527.8
495.19 528.05
495.72 527.58
495.18 526.63
494.21 526.33
494.12 525.66
494.27 525.97
494.01 524.71
493.73 524.56
494.53 523.27
493.84 523.62
493.35 523.77
493.62 522.78
493.05 521.54
493.36 521.09
493.35 520.34
492.72 519.1
493.55 519.72
492.77 518.86
492.2 518.7
492.81 518.83
492.94 517.41
492.93 516.67
491.63 516.64
491.61 516.85
491.75 515.33
492.35 514.77
491.67 513.57
491.8 514.7
491.59 514.67
492.19 512.75
491.71 512.56
493.04 511.63
493.5 510.96
494.04 510.29
495.29 510.26
495.66 508.49
497.52 508.62
497.23 506.85
498.14 505.75
498.55 505.67
499.41 505.34
500.94 504.1
501.74 503.83
503.13 502.06
503.75 502.08
503.34 500.4
504.87 500.18
504.45 499.57
506.46 498.87
507.18 498.19
508.99 496.57
509.76 496.66
510.93 497.29
511.6 495.91
512.63 495.64
512.83 494.96
514.46 494.24
516.17 493.78
516.02 493.76
517.92 492.83
518.56 491.49
520.41 491.08
520.46 491.36
523.17 491.79
523.05 490.03
524.49 490.12
524.84 488.37
525.8 488.69
527.63 487.57
527.71 487.34
528.43 487.16
529.5 486.98
529.77 486.7
530.32 485.71
531.66 485.85
532.52 484.69
533.32 485.25
534.76 485.46
535.21 485.13
534.47 484.87
536.37 483.72
535.96 484.09
537.03 483.64
537.96 482.68
538.44 482.97
540.45 483.48
539.69 482.57
541.39 482.86
541.41 480.75
542.33 481.37
542.4 481.09
542.73 480.87
543.93 479.94
543.77 479.07
544.22 479
544.48 478.54
545.16 479.36
545.04 478.96
546.38 477.59
546.58 477.15
546.58 477.58
547.39 476.75
547.88 476.41
549.49 476.33
549.08 474.94
549.29 475.6
548.86 475.9
550.72 474.43
551.05 474.26
551.9 473.22
551.84 473.77
553.04 472.6
552.5 473.11
553.26 472.38
553.85 472.9
554.52 472.4
553.65 472.39
555.56 472.24
555.39 471.62
556.23 471.91
556.68 471.56
557.02 470.79
558.33 471.56
558.76 470.87
558.12 469.53
559.53 470.03
559.17 469.48
561.14 469.17
562.4 469.9
561.38 468.88
561.84 469.61
563.02 470.01
562.63 468.15
563.64 468.93
565.27 468.25
565.08 468.87
563.77 468.43
566.1 468.12
566.6 467.36
567.04 467.7
567.2 467.34
567.33 467.52
568.02 467.31
568.03 467.12
568.26 467.22
568.5 466.83
569.52 466.52
569.77 467.45
569.85 465.92
571.29 466.56
571.63 465.62
571.5 466.03
572.75 466.39
573.19 465.56
572.49 465.57
573.99 465.86
573.12 465.58
573.87 465.26
575.11 466.4
574.16 465.77
575.28 466.68
574.57 465.11
576.43 467.08
576.42 465.47
576.22 465.86
576.25 466.24
577.05 466.2
577.22 465.42
578.49 466.66
577.62 464.8
578.43 465.96
579.02 465
579.89 466.31
580.97 465.54
580.93 466.43
581.12 466
583.04 465.29
582.68 464.77
583.79 464.87
583.25 465.23
584.33 465.08
584.96 465.07
586.1 466.18
586.36 465.34
588.06 465.03
587.43 464.8
587.88 464.93
589 464.84
589.13 464.24
590.1 465.24
590.31 464.27
591.31 465.28
592.82 465.47
593.55 464.24
594.24 464.06
594.93 465.23
595.29 465.55
596.17 464.69
596.54 464.87
598.55 466.19
598.59 464.83
600.17 465.07
600.25 465.15
601.01 466
601.96 465.32
603.64 465.91
603.48 466.44
604.43 465.91
605.46 465.87
606.69 465.16
607.15 466.08
608.11 465.69
609.57 466.29
609.91 466.08
610.26 465.72
610.44 465.73
611.48 466.42
612.81 467.13
614.53 466.64
614.33 466.16
614.49 467.37
615.28 466.57
616.61 467.38
616.82 466.45
618.48 466.7
618.52 467.3
619.67 467.03
620.23 466.61
620.15 467.18
621.52 467.65
622.58 467.42
622.7 467.94
623.58 467.79
623.97 467.46
624.67 467.32
624.61 467.65
625.11 468.75
625.9 468.93
626.5 468.19
626.84 468.06
627.02 468.61
627.84 468.94
628.4 468.85
629.86 468.03
629.46 467.76
631.29 468.98
630.39 468.56
630.48 468.59
631.35 469.07
631.41 469.63
633.46 468.27
632.63 468.91
632.97 469.35
632.84 468.54
634.47 468.96
634.09 468.45
633.76 468.25
634.07 468.47
634.51 467.95
635.01 468.63
634.8 467.74
634.42 467.71
634.95 466.21
635.28 465.97
635.96 466
635.44 466.9
635.65 467.05
637.16 465.99
637.19 466.25
636.98 466.4
637.92 465.19
636.7 465.68
637.06 464.9
636.92 463.56
637.62 464.24
638.3 463.31
638.42 463.09
637.68 462.5
638.18 461.84
638.46 461.57
638.82 461.47
638.8 460.36
638.22 460.04
639.67 459.87
639.81 458.55
639.64 458.46
639.35 457.39
639.59 456.46
640.53 456.17
640.05 455.64
639.45 455.68
640.94 455.86
639.94 454.53
639.49 454.61
639.76 452.63
640.19 452.28
640.6 451.29
640.69 451.58
641.01 450.99
640.67 450.16
639.81 450.7
640.02 449.61
640.05 449.29
640.17 447.53
640.11 446.38
640.4 446.92
640.01 445.31
640.01 445.2
640.54 445.17
639.6 444.19
640.13 443.91
640.42 442.42
640.47 442.49
641.06 441.7
640.24 440.72
641.54 441.69
641.88 441.21
643.17 439.99
642.14 439.72
642.46 439.23
642.53 438.32
642.26 439.27
642.94 438.59
643.87 438.32
643.41 436.94
644.23 436.74
643.35 436.09
644.99 435.83
644.63 435.49
645 435.49
645.26 434.9
645.24 434.51
644.69 432.99
645.18 433.73
645.27 432.74
645.2 431.62
645.49 431.23
646.97 431.03
645.5 430.82
645.52 430.21
646.36 428.8
646.94 429.34
646.03 428.01
647.15 428.37
646.84 427.34
646.87 426.5
646.97 425.55
647.71 425.75
647.44 425.19
647.16 424.39
647.86 423.76
647.74 424.45
647.97 423.38
647.74 421.8
647.52 421.58
648.95 421.38
648.3 421.2
648.31 421.16
648.66 420.54
648.61 418.71
649.34 418.31
648.1 418.57
648.18 417.98
648.88 416.84
648.8 415.34
648.71 417.05
649.31 415.64
648.71 414.32
648.97 414.54
648.8 414.66
648.88 414.46
649.82 413.15
649.65 413.36
650.2 412.67
649.26 412.63
649.54 411.42
649.26 411.89
650.38 410.82
650.44 411.39
651 410.13
651.65 410.44
651.19 410.28
650.02 409.86
651.97 409.19
651.29 409.32
651.93 410.04
650.42 409.06
652.26 408.82
651.75 408.73
652.18 407.21
651.95 408.46
652.86 407.81
652.2 406.21
652.87 405.99
652.71 405.33
653 404.28
653.54 403.03
653.75 403.11
652.79 401.9
653.99 402.79
653.76 401.93
652.82 400.88
653.56 400.76
654.23 399.66
653.76 399.69
655.27 398.21
654.52 398.13
653.79 396.95
655.33 397.05
654.57 396.2
655.38 395.12
655.36 394.43
655.39 394.79
654.85 395.07
655.08 392.54
655.21 392.49
654.77 393.01
656.01 392.38
655.22 391.83
655.37 391.14
654.75 390.37
654.68 389.07
654.76 388.24
655.63 388.38
656.22 388.14
655.81 387.35
654.72 387.15
656.14 387.04
655.2 385.45
654.95 385.97
655.23 385.17
654.71 383.75
654.81 384.45
654.83 383.27
654.84 383.13
654.75 382.72
654.79 381.35
654.59 382.39
655.31 381.19
655.31 381.44
654.96 380.91
655.73 379.87
655.6 379.74
655.35 379.92
655.27 379.41
655.12 378.69
655.54 378.1
654.57 377.41
655.12 377.61
654.44 376.69
654.46 377.15
655.69 375.62
655.3 374.65
655.29 374.02
654.92 374.13
654.64 372.72
655.35 372.22
654.77 371.48
655.41 370.66
654.92 370.26
655.13 369.53
654.53 369.96
655.32 369.12
655.11 369.43
655.38 368.52
655.08 366.91
656.31 367.17
655.77 365.49
655.63 364.35
656.18 364.45
655.49 364.29
654.77 363.87
654.25 363.07
655.7 362.85
654.83 362.75
654.14 362.26
654.37 362.15
655.9 361.32
655.24 361.12
655.91 360.73
655.77 360.4
654.78 360.96
654.62 359.31
655.53 358.8
655.15 358.73
655.73 358.11
655.18 357.71
655.33 358.25
655.4 357.24
656.03 356.38
655.7 356.61
655.26 355.19
654.8 355.62
655.34 354.86
655.3 354.36
655.5 352.85
654.52 351.67
654.95 351.92
655.34 350.7
655.59 350.17
654.91 349.55
655.67 348.74
654.81 348.99
656.35 348.52
654.5 346.92
655.53 347.14
654.98 346.32
655.75 345.09
656.39 344.22
655.48 343.74
655.47 343.39
654.73 342.99
655.4 342.29
655.2 340.73
653.57 341.14
654.68 341.11
654.41 339.53
654.59 338.4
653.81 339.21
654.42 338.89
654.17 337.9
653.64 337.26
652.75 336.79
654 336.27
653.53 334.81
652.86 334.3
652.39 335.21
652.64 334.36
652.91 333.85
651.77 332.83
651.75 332.92
651.77 331.52
652.1 331.63
652.87 330.72
652.02 329.85
651.45 328.47
652.07 328.54
650.89 328.18
651.81 327.39
650.55 326.81
650.85 325.31
651.29 324.66
650.07 324.55
650.7 323.64
650.02 323.3
650.37 323.08
649.99 321.63
650.56 322
649 320.11
650.14 319.21
648.49 319.58
649.58 318.47
648.76 318.3
648.88 318.14
648.8 317.05
648.59 316.94
647.87 317.01
649.23 316.42
648.91 316.36
648.32 315.12
649.42 315.57
648.5 315.05
649.17 314.39
647.65 314.15
647.89 314.24
647.5 313.67
647.55 312.94
647.56 312.49
647.48 312.46
647.74 312.09
648.5 310.79
647.17 311.33
647.24 309.88
647.18 310.1
646.69 309.1
646.47 308.9
646.29 308.16
646 307.37
646.09 307.54
644.95 306.81
646.28 305.61
645.22 306.15
645.02 305.14
645.22 304.15
644.4 304.8
644.22 302.93
645.23 302.86
643.35 302.42
643.88 301.61
644.4 301.26
644.39 301.14
643.26 300.89
644.03 299.75
643.4 300.15
643.45 299.11
642.42 299.33
642.6 298.79
643.03 297.49
642.51 297.7
642.21 296.71
642.65 297.77
642.03 297.43
642.88 296.1
642.3 296.57
641.68 296.01
642.58 294.97
642.07 295
641.59 295.01
642.89 294.94
641.58 293.52
642.5 292.75
641.01 293.99
641.74 291.69
641.88 292.22
642.01 291.52
641.11 290.74
642.44 290.45
641.4 289.46
640.88 289.63
641.15 288.34
641.17 288.45
641.19 287.85
640.83 286.36
641.08 286.93
641 285.99
639.9 285.68
641.15 285.29
639.86 284.09
640.46 282.88
640.07 283.14
640.2 281.96
639.28 281.77
640.73 281.2
639.55 279.89
639.2 280.43
638.36 278.9
639.02 278.52
637.29 278.16
637.31 277.26
637.42 276.13
637.35 275.73
637.93 275.21
636.79 273.84
636.61 273.01
635.9 271.98
636.27 272.46
635.22 270.74
635.62 270.38
634.43 269.19
635.03 268.88
634.78 267.57
634.14 267.69
632.91 266.44
633.28 265.8
632.67 265.3
632.98 264.47
632 264.34
631.34 263.12
632.52 262.26
632.35 262.02
631.74 260.65
630.57 260.56
630.99 259.44
630.73 259.19
629.55 258.37
629.32 257.52
629.27 256.87
628.65 255.9
628.57 255.59
628.59 255.09
628.47 254.82
628.8 253.69
628.15 253.48
628.07 253.35
628.28 251.15
627.3 251.07
626.46 249.58
627.6 249.85
626.7 248.54
625.1 248.87
626.35 248.12
626.51 246.49
625.11 246.58
625.6 245.23
625.51 244.83
624.65 244.18
624.69 243.32
624.65 243.03
624.65 242.81
624.64 241.63
623.55 241.44
623.02 240.6
624.25 239.36
623.57 239.35
623.86 237.93
623.46 237.9
623.05 236.17
624.22 236.26
623.62 234.52
622.3 233.19
622.83 233.53
622.21 231.64
622.13 232.14
622.93 232.24
621.53 230.64
622.97 229.87
621.34 228.37
622.27 228.99
622.68 227.91
621.67 226.61
623.5 226.15
622.73 225.33
621.41 225.21
622.6 224.13
622.02 224.01
621.63 222.37
622.19 223.45
621.31 221.59
622.18 222.08
620.96 221.99
621.78 220.75
621.04 220.75
622.24 219.79
621.87 219.27
621.26 218.73
621.02 218.78
621.37 217.12
620.6 215.99
620.79 216.14
620.94 215.68
620.55 214.93
620.9 215.21
621.1 214.56
620.68 213.82
620.15 214.43
621.09 213.6
619.81 212.6
619.79 212.72
619.66 212.6
620.3 212.11
619.5 211.48
619.74 211.8
620.09 211.37
620.21 210.09
619.89 209.87
618.81 210
619.43 209.13
619.37 208.95
618.33 209.29
618.47 208.19
619.23 208.36
619.88 207.64
618.15 208.03
618.77 207.49
618.79 206.48
619.04 206.8
618.74 205.78
618.18 206.74
617.82 205.74
617.61 204.93
617.49 205.22
618.28 203.7
617.16 204.24
617.8 203.72
617.27 202.82
617.15 204.03
617.12 202.83
616.83 202.59
615.57 203.54
616.72 201.46
616.39 201.66
616.33 201.38
616.54 200.71
616.2 199.91
616.91 199.66
615.88 199.29
616.18 199.83
615.25 198.36
616.43 197.56
616.68 197.8
616.41 196.68
616.02 197.2
615.54 196.69
616.09 195.86
616.03 195.07
616.18 195.36
616.31 193.95
615.9 193.71
617.03 194.27
616.19 193.41
616 193
616.43 193.33
616.1 193.71
615.82 192.36
615.61 192.72
614.67 191.79
616.42 191.88
614.39 189.94
615.45 191
615.87 190
614.31 189.28
614.82 188.64
614.23 189.14
614.16 189.58
614.91 188.34
613.71 188.04
614.05 188.44
613.48 187.75
613.7 188.57
612.86 187.55
612.97 187.64
613.35 187.01
613.17 185.56
611.97 185.8
612.89 185.24
612.03 186
613.21 184.15
612.98 183.85
612.73 183.53
612.32 183.56
613.18 182.27
612.56 183.34
613.03 183.25
613.08 183.26
612.98 182.2
613.37 181.55
612.94 180.98
612.96 180.4
613.28 180.44
612.86 179.57
614.21 179.36
612.82 178.81
613.01 178.8
614.02 178.57
612.95 178.38
613.02 176.97
613.37 177.07
612.88 177.56
612.99 175.98
613.14 175.82
613.09 175.85
612.91 175.92
612.33 174.77
612.1 173.84
612.2 174.34
611.18 173.38
612.38 173.33
612.02 173.58
611.71 173
611.16 172.55
611.41 171.85
612.26 172.27
611.19 172.24
612.12 171.06
610.99 171.51
611.33 170.45
611.81 170.1
610.87 170.57
610.77 171.07
610.96 169.87
610.86 170.22
610.55 169.02
611.26 169.02
611.14 169.13
610.97 169.11
610.83 168.2
611.76 167.7
610.56 168.21
610.54 168.49
610.12 167.23
610.24 168.08
610.32 166.47
609.38 167.43
609.36 166.37
609.55 165.76
609.75 165.58
609.37 165.28
609.31 165.42
609.43 164.46
609.13 164.2
608.69 163.86
608.93 163.86
608.56 163.39
607.16 162.69
608.99 161.64
608.22 161.82
608.58 162.42
606.69 161.22
607.77 161.3
607.43 160.74
607.23 159.8
607.55 160.28
607.5 159.8
607.05 158.83
607.71 159.3
606.83 160
607.69 158.61
607.59 157.8
607.3 159.3
606.89 158.46
606.61 159.1
607.17 158.74
608.13 158.5
607.68 159.16
607.11 157.42
607.18 157.77
607.34 157.87
607.88 158.11
608.3 157.78
606.89 156.74
607.12 157.28
606.43 156.48
607.4 156.62
607.53 157
607.45 155.59
607.43 154.8
606.54 154.49
606.95 154.88
606.66 155.17
605.93 154.19
606.52 153.47
606.75 154.04
605.89 153.51
606.21 153.44
606.41 153.73
606.33 151.89
606.49 152.91
606.44 151.58
605.42 151.69
605.89 151.26
605.47 151.2
605.56 150.91
606.09 149.86
605.42 149.98
605.21 150.18
604.54 150.24
604.49 150.15
605.34 149.05
604.34 148.49
604.05 149.46
603.54 148.59
603.95 148.75
603.64 148.25
604.36 148.32
603.94 148.57
603.52 147.56
603.7 147.32
602.67 146.85
603.06 147.1
603.13 147.24
602.47 145.62
602.2 145.99
602.3 146.49
602.02 144.45
602.06 144.31
602.48 145.35
602.14 144.29
602.13 144.14
602.02 144.1
601.71 144.32
601.55 143.31
602.33 143.22
601.84 142.51
601.67 142.64
601.56 142.15
601.76 142.39
601.15 141.47
601.78 142.34
602.14 141.03
600.57 141.14
601.43 139.83
601.6 140.8
600.6 139.42
600.52 140.03
601.23 139.12
599.98 138.53
599.45 138.55
600.44 138.63
599.39 138.33
600.32 138.85
599.64 137.48
599.24 137.77
599.22 136.7
599.59 136.91
598.2 136.49
598.7 136.16
598.74 136.17
599.13 134.63
597.74 134.12
598.02 135.51
598.71 135.05
598.19 134.01
598.27 134.42
597.2 134.28
597.42 133.52
598 133.56
597.12 132.8
597.43 132.21
597 132.59
597.13 131.95
596.9 132.41
596.73 131.09
596.79 131.56
596.95 130.45
595.7 131.46
596.59 131.81
595.22 130.69
595.36 131.25
595.7 129.99
595.07 130.74
596.17 129.32
595.11 129.37
595.52 129.15
595.37 128.1
594.54 127.75
595.09 127.27
594.31 127.36
595.03 128.19
595.82 126.46
594.38 125.86
595.24 126.19
594.76 124.49
593.93 124.46
593.91 123.36
592.93 123.31
594.19 123.38
593.14 122.88
594.53 121.84
594.89 122.44
593.92 121.52
593.84 121.12
593.39 121.06
594.1 121.41
594.3 120.9
593.68 119.76
593.9 119.83
594.54 120.1
593.9 119.9
592.77 118.97
593.35 120.04
592.82 119.51
593.3 120.06
593.33 118.99
592.93 117.94
592.18 119.04
592.39 119.88
592.95 118.66
592.63 118.59
592.89 118.41
593.13 118.28
591.58 118.59
591.82 117.22
591.86 116.23
590.77 115.73
590.46 114.77
590.14 114.76
589.78 113.41
589.22 113.1
589.15 111.14
588.45 111.14
588.63 110.24
588.92 109.5
586.91 107.89
587.38 108.36
586.03 107.51
587.37 107.75
586.38 105.57
585.73 105.97
586.19 103.66
585.28 104.18
584.59 102.45
585.05 104.22
584.97 102.72
584.35 102.57
584.79 102.66
585.11 101.95
584.7 101.58
584.26 102.53
584.92 103.15
585.12 102.54
585.3 101.76
584.12 101.26
584.04 102.16
585.22 102.27
585.1 102.35
584.19 102.26
583.96 101.38
584.22 101.12
584.68 101.44
584.58 101.52
584.86 101.44
584.84 102.1
584.31 100.55
584.83 99.844
584.64 100.61
583.9 98.973
584.53 98.745
584.69 99.576
583.62 99.135
584.4 98.359
583.92 97.252
584.23 98.043
583.67 96.228
583.42 97.572
584.85 97.167
582.66 96.169
583.28 95.864
583.12 94.913
583.36 95.355
583.21 94.832
582.55 93.918
582.54 93.662
582.99 94.155
583.02 92.938
582.8 93.301
582.19 92.939
582.51 92.53
581.89 91.662
582 91.925
581.98 91.516
581.11 92.024
580.96 91.73
581.06 91.5
581.03 90.747
581.47 90.989
581.54 90.262
581.41 90.279
580.71 90.397
580.73 91.034
581.12 88.843
579.34 90.174
580.24 89.987
579.32 89.365
580.26 88.717
580.21 89.293
579.1 90.093
580.62 89.174
580.11 89.688
579.92 89.042
580.81 89.008
580.46 89.047
579.99 88.634
580.68 89.242
579.4 89.743
580.71 89.399
580.69 89.111
580.18 89.434
579.63 88.937
580.37 89.671
579.98 90.209
580.4 90.052
580.47 89.966
580.1 90.014
580.73 88.403
579.29 87.742
580.07 89.233
579.21 88.569
579.66 88.099
578.41 88.076
579.06 86.864
578.63 88.057
578.4 87.502
578.95 86.746
577.78 86.215
578.21 85.646
577.81 86.297
577.49 85.706
577.63 85.438
577.81 85.67
577.75 84.351
577.06 84.109
576.71 83.912
575.55 81.124
575.2 79.424
572.37 77.834
572.59 76.896
570.77 75.752
569.69 74.53
570.02 72.059
568.32 72.097
565.83 69.646
566.18 67.333
565.29 67.001
563.29 64.526
561.54 62.763
561.68 61.493
559.82 59.673
558.07 59.029
559.07 57.166
557.66 54.105
556.69 53.348
